3.3
3.3
3.3
2.492561
2.36602
2.342655
2.333792
2.324124
2.316873
2.313651
2.3064
2.302371
2.299954
2.296731
2.29512
2.292703
2.291897
2.288675
2.287869
2.283841
2.283035
2.279812
2.280618
2.275784
2.278201
2.270144
2.273367
2.268482
2.271755
2.263648
2.268482
2.260426
2.266871
2.258009
2.262843
2.258009
2.25962
2.257203
2.25398
2.254786
2.247535
2.253175
2.243506
2.249952
2.241895
2.247535
2.241089
2.244312
2.239478
2.241895
2.237867
2.237867
2.233838
2.233838
2.233033
2.232227
2.231421
2.230616
2.22981
2.228199
2.225782
2.224976
2.221753
2.223365
2.221753
2.221753
2.219336
2.220948
2.21853
2.220142
2.215308
2.220142
2.213696
2.21853
2.211279
2.216114
2.209668
2.215308
2.208057
2.212891
2.208057
2.212085
2.208862
2.208057
2.209668
2.204834
2.208862
2.202417
2.208862
2.2
2.206445
2.200806
2.20564
2.2
2.204028
2.198389
2.201611
2.199194
2.201611
2.199194
2.201611
2.199194
2.2
2.199194
2.198389
2.197583
2.195971
2.195971
2.195971
2.195166
2.193555
2.19436
2.193555
2.19436
2.19436
2.192749
2.193555
2.191943
2.192749
2.191943
2.193555
2.189526
2.19436
2.18872
2.19436
2.18872
2.192749
2.187915
2.193555
2.187109
2.19436
2.187915
2.192749
2.187915
2.191943
2.18872
2.189526
2.190332
2.18872
2.192749
2.187109
2.192749
2.186303
2.191943
2.183887
2.191138
2.187915
2.191138
2.184692
2.190332
2.186303
2.187109
2.18872
2.18872
2.187109
2.187915
2.189526
2.187915
2.18872
2.187109
2.187109
2.187109
2.187109
2.187915
2.187109
2.187109
2.186303
2.187109
2.187109
2.187109
2.186303
2.187915
2.184692
2.18872
2.180664
2.191138
2.182275
2.189526
2.183887
2.191943
2.186303
2.187109
2.187109
2.184692
2.18872
2.183887
2.18872
2.185498
2.190332
2.184692
2.191138
2.186303
2.18872
2.187109
2.189526
2.18872
2.190332
2.18872
2.191138
2.189526
2.190332
2.191138
2.191943
2.190332
2.191138
2.190332
2.191943
2.189526
2.192749
2.18872
2.192749
2.189526
2.19436
2.18872
2.193555
2.189526
2.192749
2.192749
2.189526
2.195166
2.189526
2.197583
2.191138
2.195166
2.192749
2.195971
2.193555
2.196777
2.191943
2.195166
2.192749
2.19436
2.19436
2.19436
2.195166
2.19436
2.19436
2.19436
2.193555
2.19436
2.19436
2.195971
2.193555
2.195166
2.192749
2.196777
2.193555
2.197583
2.191943
2.198389
2.190332
2.197583
2.191943
2.195971
2.192749
2.195166
2.195971
2.193555
2.197583
2.193555
2.199194
2.195166
2.199194
2.192749
2.199194
2.195166
2.198389
2.196777
2.198389
2.196777
2.198389
2.197583
2.198389
2.199194
2.199194
2.198389
2.198389
2.201611
2.199194
2.2
2.199194
2.200806
2.2
2.198389
2.201611
2.197583
2.202417
2.199194
2.204028
2.198389
2.204834
2.198389
2.204028
2.199194
2.202417
2.202417
2.202417
2.204834
2.200806
2.20564
2.2
2.207251
2.201611
2.20564
2.201611
2.20564
2.202417
2.204834
2.202417
2.20564
2.203223
2.204834
2.204028
2.204028
2.206445
2.20564
2.20564
2.204834
2.204834
2.204834
2.206445
2.206445
2.207251
2.208057
2.206445
2.210474
2.207251
2.210474
2.208057
2.209668
2.206445
2.212891
2.206445
2.212085
2.206445
2.212085
2.208057
2.212085
2.209668
2.209668
2.212891
2.208862
2.212891
2.208057
2.214502
2.208057
2.214502
2.209668
2.213696
2.209668
2.214502
2.209668
2.212891
2.212085
2.212891
2.212085
2.212891
2.213696
2.213696
2.213696
2.213696
2.213696
2.212891
2.214502
2.214502
2.212891
2.214502
2.213696
2.215308
2.212085
2.216114
2.213696
2.216919
2.212891
2.215308
2.211279
2.217725
2.215308
2.216919
2.217725
2.216114
2.219336
2.214502
2.220142
2.214502
2.220142
2.214502
2.220142
2.216114
2.21853
2.216114
2.21853
2.217725
2.21853
2.21853
2.216114
2.21853
2.217725
2.21853
2.21853
2.21853
2.217725
2.21853
2.220948
2.216114
2.219336
2.216919
2.222559
2.216919
2.221753
2.216919
2.221753
2.217725
2.221753
2.220948
2.220948
2.221753
2.21853
2.22417
2.21853
2.22417
2.219336
2.222559
2.220142
2.222559
2.220142
2.222559
2.222559
2.221753
2.220142
2.221753
2.220948
2.222559
2.220142
2.221753
2.221753
2.221753
2.221753
2.221753
2.220948
2.22417
2.220142
2.224976
2.220142
2.225782
2.220142
2.227393
2.220948
2.225782
2.221753
2.223365
2.225782
2.220948
2.227393
2.220948
2.225782
2.221753
2.226587
2.223365
2.225782
2.223365
2.22417
2.223365
2.22417
2.224976
2.223365
2.226587
2.225782
2.226587
2.226587
2.225782
2.228199
2.226587
2.228199
2.227393
2.228199
2.227393
2.22981
2.225782
2.22981
2.22417
2.230616
2.22417
2.230616
2.226587
2.227393
2.228199
2.226587
2.231421
2.228199
2.232227
2.225782
2.231421
2.227393
2.230616
2.228199
2.230616
2.228199
2.229004
2.22981
2.22981
2.230616
2.231421
2.230616
2.230616
2.231421
2.230616
2.232227
2.232227
2.231421
2.234644
2.230616
2.234644
2.230616
2.234644
2.230616
2.23545
2.22981
2.234644
2.231421
2.234644
2.233838
2.232227
2.236255
2.231421
2.237061
2.230616
2.236255
2.231421
2.236255
2.233033
2.237061
2.234644
2.23545
2.234644
2.234644
2.236255
2.23545
2.23545
2.236255
2.232227
2.23545
2.236255
2.236255
2.236255
2.237061
2.234644
2.237867
2.233838
2.237867
2.233033
2.237867
2.234644
2.239478
2.232227
2.239478
2.234644
2.237867
2.233838
2.237867
2.237061
2.23545
2.239478
2.234644
2.240284
2.23545
2.239478
2.237061
2.241089
2.237061
2.241089
2.237061
2.239478
2.236255
2.237867
2.237867
2.238672
2.240284
2.240284
2.240284
2.238672
2.238672
2.240284
2.238672
2.240284
2.238672
2.242701
2.237867
2.241895
2.237867
2.244312
2.237061
2.243506
2.239478
2.241089
2.242701
2.239478
2.243506
2.239478
2.244312
2.239478
2.245118
2.240284
2.242701
2.243506
2.243506
2.243506
2.242701
2.241895
2.242701
2.243506
2.243506
2.241895
2.243506
2.242701
2.245118
2.242701
2.245118
2.240284
2.245924
2.240284
2.245118
2.241089
2.248341
2.242701
2.246729
2.244312
2.244312
2.247535
2.241895
2.249146
2.242701
2.247535
2.242701
2.247535
2.245118
2.246729
2.245118
2.245118
2.245924
2.245118
2.245924
2.245924
2.245924
2.247535
2.245118
2.245924
2.246729
2.247535
2.245924
2.250757
2.245118
2.249952
2.246729
2.251563
2.244312
2.251563
2.246729
2.249952
2.249146
2.245924
2.250757
2.245118
2.251563
2.245924
2.250757
2.246729
2.250757
2.248341
2.249146
2.249146
2.249952
2.249952
2.250757
2.249146
2.250757
2.249952
2.251563
2.248341
2.251563
2.248341
2.253175
2.248341
2.253175
2.247535
2.253175
2.249146
2.251563
2.250757
2.249952
2.253175
2.248341
2.254786
2.248341
2.253175
2.248341
2.253175
2.249952
2.253175
2.251563
2.251563
2.249952
2.250757
2.253175
2.251563
2.251563
2.253175
2.251563
2.253175
2.252369
2.253175
2.250757
2.255592
2.249952
2.255592
2.249952
2.256397
2.250757
2.253175
2.25398
2.250757
2.255592
2.250757
2.255592
2.250757
2.254786
2.250757
2.255592
2.254786
2.253175
2.25398
2.253175
2.25398
2.25398
2.25398
2.254786
2.252369
2.254786
2.252369
2.255592
2.251563
2.258009
2.251563
2.257203
2.253175
2.255592
2.255592
2.25398
2.258009
2.252369
2.258814
2.25398
2.258009
2.254786
2.254786
2.255592
2.255592
2.255592
2.256397
2.25398
2.257203
2.255592
2.255592
2.254786
2.258009
2.253175
2.258814
2.25398
2.260426
2.254786
2.25962
2.257203
2.256397
2.258814
2.25398
2.25962
2.255592
2.25962
2.257203
2.258009
2.257203
2.258009
2.257203
2.258009
2.257203
2.257203
2.256397
2.25962
2.257203
2.25962
2.25962
2.25962
2.258009
2.261231
2.254786
2.262843
2.256397
2.262037
2.257203
2.258009
2.264454
2.257203
2.262037
2.257203
2.262037
2.257203
2.261231
2.257203
2.260426
2.261231
2.260426
2.258814
2.258814
2.258814
2.25962
2.25962
2.25962
2.25962
2.25962
2.258814
2.260426
2.258009
2.260426
2.258814
2.262843
2.257203
2.264454
2.257203
2.262843
2.262843
2.25962
2.263648
2.258009
2.263648
2.258814
2.263648
2.260426
2.263648
2.261231
2.261231
2.261231
2.262037
2.261231
2.261231
2.262037
2.261231
2.262037
2.262843
2.260426
2.262843
2.25962
2.264454
2.258814
2.26526
2.258814
2.264454
2.261231
2.263648
2.263648
2.25962
2.266871
2.260426
2.26526
2.260426
2.264454
2.261231
2.263648
2.262843
2.263648
2.263648
2.262843
2.262843
2.263648
2.262843
2.262843
2.262037
2.264454
2.260426
2.263648
2.261231
2.267677
2.258814
2.266871
2.262037
2.262843
2.264454
2.25962
2.266065
2.25962
2.266065
2.261231
2.264454
2.262843
2.264454
2.262843
2.263648
2.264454
2.263648
2.263648
2.263648
2.262843
2.262843
2.263648
2.263648
2.262843
2.266871
2.262037
2.266065
2.260426
2.267677
2.262843
2.266065
2.26526
2.264454
2.268482
2.262843
2.266871
2.261231
2.267677
2.263648
2.266871
2.264454
2.266065
2.264454
2.26526
2.26526
2.26526
2.26526
2.26526
2.264454
2.26526
2.26526
2.266871
2.262843
2.267677
2.263648
2.267677
2.262843
2.268482
2.262843
2.267677
2.266065
2.264454
2.268482
2.262843
2.268482
2.262843
2.267677
2.263648
2.26526
2.26526
2.263648
2.26526
2.26526
2.26526
2.266065
2.26526
2.266065
2.263648
2.266871
2.263648
2.267677
2.262843
2.268482
2.263648
2.266871
2.266065
2.262843
2.267677
2.263648
2.267677
2.26526
2.267677
2.26526
2.266065
2.266065
2.266871
2.266871
2.26526
2.266871
2.266065
2.266871
2.266065
2.26526
2.267677
2.262843
2.268482
2.26526
2.268482
2.262037
2.269338
2.264454
2.266871
2.267677
2.263648
2.268482
2.264454
2.268482
2.26526
2.268482
2.26526
2.267677
2.266871
2.266871
2.266871
2.266871
2.26526
2.266065
2.266065
2.266871
2.26526
2.266871
2.264454
2.267677
2.262843
2.268482
2.262843
2.268482
2.263648
2.267677
2.266065
2.26526
2.269338
2.263648
2.267677
2.262843
2.268482
2.264454
2.268482
2.26526
2.266065
2.266065
2.264454
2.266871
2.266065
2.268482
2.266065
2.266065
2.267677
2.266065
2.267677
2.266065
2.268482
2.264454
2.268482
2.263648
2.268482
2.262843
2.266065
2.266871
2.263648
2.269338
2.264454
2.268482
2.262843
2.26526
2.263648
2.266871
2.266065
2.266065
2.266871
2.26526
2.266065
2.266065
2.266065
2.26526
2.26526
2.266065
2.266065
2.268482
2.264454
2.268482
2.264454
2.268482
2.263648
2.267677
2.266871
2.264454
2.268482
2.26526
2.268482
2.262843
2.267677
2.263648
2.267677
2.266065
2.267677
2.266065
2.266065
2.266871
2.266871
2.266871
2.266065
2.26526
2.267677
2.263648
2.267677
2.261231
2.268482
2.261231
2.268482
2.26526
2.266065
2.268482
2.264454
2.267677
2.262843
2.267677
2.263648
2.266065
2.260426
2.266065
2.266065
2.266065
2.263648
2.266065
2.266065
2.26526
2.266065
2.266065
2.26526
2.268482
2.263648
2.266871
2.262843
2.268482
2.262843
2.267677
2.263648
2.26526
2.267677
2.262843
2.268482
2.262037
2.268482
2.263648
2.266871
2.266065
2.266871
2.26526
2.266065
2.26526
2.26526
2.266871
2.266065
2.266065
2.26526
2.266065
2.266871
2.26526
2.266065
2.264454
2.268482
2.263648
2.268482
2.262037
2.268482
2.262843
2.267677
2.263648
2.266065
2.266871
2.262843
2.267677
2.262037
2.267677
2.262037
2.267677
2.262037
2.266871
2.264454
2.266065
2.264454
2.264454
2.26526
2.26526
2.263648
2.26526
2.264454
2.264454
2.266065
2.264454
2.26526
2.266871
2.262843
2.268482
2.263648
2.268482
2.261231
2.268482
2.262037
2.266871
2.26526
2.26526
2.266871
2.261231
2.268482
2.262843
2.267677
2.262037
2.267677
2.26526
2.266065
2.264454
2.262843
2.262843
2.266065
2.26526
2.264454
2.264454
2.266065
2.26526
2.26526
2.262843
2.267677
2.262843
2.268482
2.262843
2.266065
2.262037
2.26526
2.262843
2.262843
2.267677
2.261231
2.267677
2.262037
2.267677
2.262037
2.266065
2.262843
2.264454
2.264454
2.264454
2.264454
2.264454
2.26526
2.263648
2.263648
2.264454
2.263648
2.26526
2.263648
2.266065
2.261231
2.266871
2.261231
2.267677
2.25962
2.266871
2.262037
2.266065
2.262843
2.262843
2.264454
2.261231
2.270144
2.260426
2.266065
2.262843
2.266065
2.262037
2.266065
2.262843
2.266065
2.263648
2.266065
2.264454
2.264454
2.264454
2.264454
2.264454
2.264454
2.264454
2.26526
2.264454
2.264454
2.263648
2.26526
2.263648
2.266065
2.262037
2.26526
2.262037
2.268482
2.260426
2.267677
2.262843
2.266065
2.263648
2.26526
2.266065
2.262843
2.266871
2.263648
2.268482
2.262037
2.266871
2.261231
2.266065
2.262843
2.266871
2.264454
2.264454
2.264454
2.263648
2.266065
2.26526
2.264454
2.26526
2.26526
2.264454
2.26526
2.264454
2.262037
2.266871
2.262843
2.266065
2.262843
2.267677
2.261231
2.267677
2.260426
2.266065
2.262037
2.266065
2.262843
2.262843
2.263648
2.261231
2.267677
2.261231
2.266065
2.261231
2.26526
2.260426
2.266065
2.262037
2.263648
2.263648
2.262843
2.264454
2.262843
2.262843
2.264454
2.262843
2.262843
2.264454
2.263648
2.262037
2.263648
2.262843
2.263648
2.262037
2.26526
2.262843
2.264454
2.260426
2.26526
2.25962
2.266065
2.258814
2.266065
2.260426
2.26526
2.260426
2.262843
2.263648
2.261231
2.266065
2.258814
2.26526
2.25962
2.26526
2.260426
2.26526
2.260426
2.26526
2.260426
2.264454
2.261231
2.263648
2.261231
2.264454
2.262037
2.264454
2.262843
2.262037
2.262037
2.262843
2.262843
2.262843
2.263648
2.262843
2.260426
2.262037
2.262843
2.263648
2.262843
2.262843
2.260426
2.262037
2.262037
2.26526
2.260426
2.264454
2.260426
2.26526
2.260426
2.264454
2.261231
2.264454
2.258814
2.264454
2.25962
2.266065
2.25962
2.262843
2.260426
2.260426
2.262843
2.25962
2.262843
2.258009
2.26526
2.258009
2.263648
2.257203
2.263648
2.258814
2.262843
2.258814
2.262037
2.258814
2.262843
2.25962
2.260426
2.25962
2.261231
2.261231
2.260426
2.262843
2.261231
2.260426
2.261231
2.261231
2.260426
2.260426
2.260426
2.260426
2.261231
2.260426
2.260426
2.260426
2.262843
2.258814
2.261231
2.258814
2.262843
2.257203
2.262843
2.258814
2.264454
2.256397
2.266871
2.258009
2.263648
2.258814
2.262037
2.261231
2.25962
2.262843
2.258009
2.263648
2.257203
2.26526
2.257203
2.263648
2.258009
2.262843
2.258814
2.261231
2.25962
2.262037
2.258814
2.260426
2.258814
2.25962
2.258814
2.25962
2.258814
2.260426
2.260426
2.260426
2.260426
2.25962
2.25962
2.260426
2.25962
2.256397
2.25962
2.258814
2.25962
2.25962
2.258814
2.258814
2.258814
2.260426
2.25962
2.260426
2.25962
2.261231
2.258814
2.257203
2.258814
2.260426
2.258009
2.261231
2.257203
2.262037
2.255592
2.260426
2.256397
2.261231
2.256397
2.260426
2.255592
2.262037
2.255592
2.261231
2.256397
2.262037
2.257203
2.260426
2.258814
2.256397
2.25962
2.257203
2.260426
2.255592
2.261231
2.254786
2.260426
2.25398
2.260426
2.254786
2.260426
2.255592
2.258814
2.253175
2.25962
2.256397
2.25962
2.256397
2.258814
2.257203
2.258814
2.258009
2.258814
2.256397
2.258009
2.25962
2.257203
2.256397
2.257203
2.256397
2.257203
2.256397
2.258009
2.257203
2.258009
2.257203
2.258009
2.255592
2.254786
2.257203
2.256397
2.256397
2.253175
2.254786
2.258009
2.255592
2.256397
2.255592
2.254786
2.254786
2.254786
2.253175
2.255592
2.253175
2.256397
2.251563
2.255592
2.252369
2.256397
2.252369
2.257203
2.252369
2.256397
2.250757
2.258814
2.250757
2.258814
2.250757
2.257203
2.252369
2.258009
2.252369
2.258009
2.253175
2.257203
2.250757
2.254786
2.251563
2.258009
2.252369
2.255592
2.253175
2.254786
2.253175
2.254786
2.254786
2.254786
2.257203
2.253175
2.255592
2.25398
2.256397
2.251563
2.256397
2.252369
2.255592
2.249952
2.257203
2.251563
2.254786
2.250757
2.255592
2.250757
2.256397
2.249952
2.257203
2.250757
2.254786
2.250757
2.255592
2.251563
2.254786
2.250757
2.255592
2.250757
2.254786
2.252369
2.254786
2.249952
2.254786
2.252369
2.254786
2.251563
2.253175
2.251563
2.25398
2.251563
2.25398
2.251563
2.252369
2.251563
2.252369
2.251563
2.250757
2.251563
2.252369
2.251563
2.249952
2.251563
2.251563
2.250757
2.251563
2.250757
2.249146
2.250757
2.248341
2.250757
2.250757
2.251563
2.250757
2.249952
2.249952
2.249952
2.249952
2.249146
2.248341
2.249952
2.249146
2.249952
2.249146
2.249952
2.248341
2.248341
2.249146
2.249146
2.249952
2.247535
2.249952
2.246729
2.249952
2.249146
2.249146
2.247535
2.249146
2.249952
2.249146
2.251563
2.249952
2.249952
2.249146
2.247535
2.248341
2.245118
2.249952
2.247535
2.248341
2.249146
2.249952
2.247535
2.251563
2.246729
2.249952
2.248341
2.249952
2.246729
2.250757
2.246729
2.250757
2.248341
2.250757
2.245924
2.249952
2.245118
2.249952
2.245924
2.249952
2.245924
2.250757
2.244312
2.250757
2.245118
2.250757
2.245118
2.251563
2.245924
2.252369
2.242701
2.251563
2.242701
2.251563
2.245118
2.249146
2.245924
2.248341
2.247535
2.249952
2.245118
2.249146
2.245924
2.247535
2.247535
2.245924
2.246729
2.245118
2.249146
2.243506
2.249952
2.243506
2.248341
2.241089
2.249146
2.242701
2.249146
2.243506
2.249146
2.243506
2.249146
2.243506
2.248341
2.242701
2.247535
2.242701
2.245118
2.241895
2.245118
2.242701
2.245924
2.244312
2.245924
2.244312
2.245118
2.243506
2.245118
2.242701
2.245118
2.244312
2.245924
2.244312
2.244312
2.244312
2.243506
2.242701
2.242701
2.242701
2.243506
2.243506
2.241895
2.242701
2.242701
2.241895
2.241895
2.240284
2.241089
2.240284
2.241089
2.240284
2.241089
2.239478
2.238672
2.237867
2.240284
2.237061
2.241089
2.237061
2.239478
2.237061
2.241089
2.234644
2.241895
2.234644
2.241089
2.233033
2.240284
2.23545
2.238672
2.234644
2.239478
2.237061
2.238672
2.237061
2.237867
2.236255
2.234644
2.240284
2.23545
2.240284
2.234644
2.240284
2.233033
2.240284
2.234644
2.241089
2.233838
2.238672
2.233033
2.239478
2.23545
2.239478
2.23545
2.239478
2.23545
2.237061
2.23545
2.237867
2.236255
2.237867
2.237061
2.236255
2.237061
2.237061
2.237061
2.236255
2.237061
2.232227
2.234644
2.233838
2.237061
2.237061
2.237061
2.236255
2.234644
2.23545
2.234644
2.23545
2.233838
2.23545
2.233838
2.234644
2.233838
2.23545
2.232227
2.23545
2.233033
2.233838
2.230616
2.237061
2.233838
2.236255
2.233033
2.236255
2.231421
2.238672
2.230616
2.238672
2.230616
2.238672
2.232227
2.23545
2.233033
2.23545
2.231421
2.234644
2.232227
2.234644
2.234644
2.232227
2.23545
2.230616
2.236255
2.230616
2.23545
2.230616
2.236255
2.229004
2.236255
2.230616
2.236255
2.230616
2.233838
2.232227
2.233033
2.229004
2.234644
2.232227
2.233033
2.22981
2.232227
2.232227
2.231421
2.231421
2.231421
2.232227
2.231421
2.232227
2.231421
2.232227
2.234644
2.232227
2.231421
2.233033
2.233033
2.231421
2.22981
2.230616
2.231421
2.230616
2.232227
2.230616
2.232227
2.229004
2.233838
2.229004
2.232227
2.22981
2.233033
2.229004
2.233838
2.228199
2.233033
2.228199
2.233838
2.227393
2.233838
2.228199
2.232227
2.228199
2.232227
2.22981
2.231421
2.231421
2.22981
2.232227
2.229004
2.233033
2.226587
2.233033
2.226587
2.233033
2.225782
2.231421
2.229004
2.231421
2.227393
2.231421
2.228199
2.233033
2.228199
2.22981
2.229004
2.22981
2.229004
2.229004
2.230616
2.228199
2.229004
2.229004
2.229004
2.228199
2.227393
2.230616
2.228199
2.228199
2.228199
2.229004
2.228199
2.228199
2.228199
2.229004
2.226587
2.226587
2.224976
2.229004
2.224976
2.229004
2.224976
2.229004
2.223365
2.229004
2.223365
2.22981
2.22417
2.22981
2.221753
2.227393
2.222559
2.228199
2.221753
2.227393
2.224976
2.222559
2.223365
2.223365
2.224976
2.220948
2.14038
2.208862
2.224976
2.19436
2.210474
2.198389
2.214502
2.211279
2.217725
2.123461
2.144408
2.126683
2.08076
2.141991
2.202417
2.21853
2.225782
2.22417
2.229004
2.229004
2.231421
2.229004
2.232227
2.231421
2.232227
2.231421
2.233838
2.233033
2.232227
2.236255
2.233838
2.234644
2.23545
2.239478
2.23545
2.23545
2.23545
2.23545
2.237061
2.237061
2.23545
2.237061
2.237061
2.237061
2.236255
2.236255
2.237867
2.237867
2.238672
2.239478
2.237867
2.237867
2.238672
2.237061
2.237867
2.237867
2.239478
2.236255
2.239478
2.237061
2.239478
2.236255
2.240284
2.236255
2.240284
2.236255
2.240284
2.23545
2.241895
2.23545
2.243506
2.23545
2.241089
2.234644
2.241895
2.23545
2.241089
2.23545
2.241089
2.237061
2.241089
2.237061
2.239478
2.237061
2.237867
2.237061
2.237061
2.238672
2.237867
2.239478
2.23545
2.237867
2.233838
2.240284
2.23545
2.240284
2.233838
2.241089
2.233838
2.241089
2.233838
2.240284
2.234644
2.240284
2.233838
2.239478
2.234644
2.240284
2.234644
2.238672
2.234644
2.238672
2.23545
2.238672
2.23545
2.237867
2.237061
2.237867
2.237867
2.236255
2.234644
2.23545
2.236255
2.236255
2.236255
2.236255
2.23545
2.236255
2.236255
2.237867
2.237061
2.237061
2.234644
2.237061
2.236255
2.237061
2.234644
2.236255
2.234644
2.236255
2.234644
2.240284
2.233033
2.237061
2.233838
2.237867
2.233838
2.236255
2.233033
2.237867
2.232227
2.238672
2.232227
2.238672
2.230616
2.239478
2.231421
2.237061
2.232227
2.237867
2.23545
2.237867
2.233033
2.23545
2.23545
2.234644
2.234644
2.233033
2.234644
2.231421
2.237061
2.22981
2.237867
2.229004
2.237061
2.232227
2.237061
2.232227
2.23545
2.231421
2.237061
2.22981
2.236255
2.230616
2.234644
2.232227
2.233838
2.230616
2.23545
2.232227
2.233838
2.232227
2.234644
2.232227
2.231421
2.232227
2.232227
2.232227
2.231421
2.233033
2.233033
2.232227
2.232227
2.233033
2.232227
2.231421
2.232227
2.231421
2.230616
2.230616
2.231421
2.231421
2.231421
2.231421
2.231421
2.231421
2.231421
2.22981
2.231421
2.230616
2.231421
2.22981
2.232227
2.230616
2.232227
2.229004
2.233033
2.229004
2.230616
2.228199
2.232227
2.227393
2.233033
2.226587
2.233033
2.225782
2.233033
2.225782
2.233838
2.225782
2.233033
2.227393
2.230616
2.228199
2.230616
2.225782
2.229004
2.229004
2.228199
2.231421
2.225782
2.230616
2.224976
2.231421
2.221753
2.231421
2.224976
2.232227
2.22417
2.231421
2.22417
2.22981
2.22417
2.229004
2.225782
2.228199
2.225782
2.226587
2.225782
2.227393
2.225782
2.227393
2.225782
2.225782
2.225782
2.225782
2.224976
2.226587
2.226587
2.224976
2.22417
2.225782
2.226587
2.224976
2.22417
2.226587
2.223365
2.226587
2.224976
2.225782
2.225782
2.225782
2.22417
2.226587
2.221753
2.228199
2.22417
2.227393
2.220948
2.228199
2.221753
2.227393
2.222559
2.228199
2.222559
2.226587
2.221753
2.225782
2.22417
2.225782
2.223365
2.221753
2.226587
2.220142
2.227393
2.220948
2.225782
2.220142
2.226587
2.220142
2.226587
2.220948
2.225782
2.220142
2.228199
2.222559
2.22417
2.221753
2.225782
2.221753
2.22417
2.220948
2.223365
2.220948
2.222559
2.221753
2.222559
2.222559
2.222559
2.223365
2.222559
2.220948
2.222559
2.221753
2.221753
2.220142
2.220948
2.221753
2.220948
2.216919
2.220142
2.220948
2.22417
2.220142
2.221753
2.220142
2.221753
2.220948
2.223365
2.21853
2.21853
2.219336
2.220948
2.21853
2.219336
2.21853
2.221753
2.217725
2.221753
2.216919
2.220948
2.215308
2.221753
2.216919
2.221753
2.216919
2.220948
2.215308
2.221753
2.214502
2.221753
2.214502
2.221753
2.217725
2.220948
2.215308
2.21853
2.216919
2.21853
2.217725
2.216919
2.216114
2.216114
2.217725
2.214502
2.21853
2.214502
2.220142
2.214502
2.219336
2.213696
2.219336
2.212891
2.219336
2.212891
2.217725
2.213696
2.217725
2.214502
2.216114
2.214502
2.216919
2.213696
2.216114
2.215308
2.214502
2.214502
2.215308
2.214502
2.214502
2.215308
2.213696
2.214502
2.213696
2.212891
2.214502
2.213696
2.214502
2.213696
2.213696
2.212891
2.214502
2.212085
2.213696
2.211279
2.214502
2.211279
2.214502
2.211279
2.215308
2.211279
2.216919
2.209668
2.216919
2.209668
2.216114
2.208057
2.215308
2.208862
2.214502
2.209668
2.213696
2.212891
2.212085
2.213696
2.210474
2.213696
2.208862
2.214502
2.208862
2.215308
2.208057
2.214502
2.210474
2.212891
2.210474
2.213696
2.208862
2.212891
2.208057
2.212891
2.208057
2.212085
2.209668
2.210474
2.209668
2.211279
2.210474
2.210474
2.210474
2.209668
2.210474
2.210474
2.208862
2.209668
2.209668
2.210474
2.210474
2.209668
2.208862
2.210474
2.209668
2.209668
2.207251
2.211279
2.207251
2.209668
2.204834
2.211279
2.206445
2.211279
2.204834
2.213696
2.206445
2.212085
2.20564
2.211279
2.204834
2.209668
2.204834
2.210474
2.207251
2.207251
2.207251
2.20564
2.208057
2.204834
2.210474
2.204834
2.209668
2.203223
2.208862
2.203223
2.208862
2.204028
2.208057
2.204028
2.208862
2.204028
2.208057
2.204834
2.206445
2.204834
2.207251
2.20564
2.20564
2.20564
2.20564
2.20564
2.20564
2.206445
2.20564
2.204028
2.203223
2.204028
2.204028
2.204028
2.204028
2.204028
2.203223
2.206445
2.204834
2.203223
2.204834
2.203223
2.204834
2.200806
2.204834
2.2
2.20564
2.199194
2.204834
2.2
2.204834
2.199194
2.206445
2.198389
2.207251
2.199194
2.204834
2.199194
2.202417
2.2
2.201611
2.201611
2.200806
2.202417
2.198389
2.202417
2.198389
2.203223
2.196777
2.204834
2.195971
2.203223
2.199194
2.202417
2.197583
2.202417
2.198389
2.201611
2.199194
2.201611
2.2
2.200806
2.199194
2.201611
2.199194
2.199194
2.2
2.2
2.198389
2.199194
2.199194
2.199194
2.199194
2.198389
2.197583
2.198389
2.199194
2.199194
2.198389
2.199194
2.195971
2.197583
2.195971
2.200806
2.195166
2.200806
2.195166
2.2
2.19436
2.200806
2.193555
2.2
2.192749
2.200806
2.19436
2.202417
2.193555
2.197583
2.195971
2.195971
2.198389
2.191943
2.199194
2.191943
2.2
2.192749
2.2
2.191943
2.198389
2.191138
2.197583
2.192749
2.195971
2.193555
2.195166
2.193555
2.193555
2.192749
2.19436
2.193555
2.193555
2.192749
2.192749
2.192749
2.192749
2.193555
2.192749
2.191943
2.192749
2.191943
2.191943
2.191138
2.191943
2.191138
2.192749
2.191138
2.191943
2.190332
2.191138
2.191138
2.191138
2.189526
2.191943
2.189526
2.193555
2.18872
2.192749
2.187109
2.19436
2.186303
2.193555
2.186303
2.191138
2.187915
2.190332
2.18872
2.191138
2.187915
2.187915
2.191943
2.186303
2.192749
2.187109
2.191943
2.187109
2.191943
2.185498
2.191943
2.185498
2.192749
2.186303
2.191943
2.187915
2.189526
2.18872
2.190332
2.187109
2.18872
2.187915
2.187915
2.187109
2.187915
2.187109
2.187109
2.187109
2.18872
2.18872
2.186303
2.187109
2.187109
2.187915
2.187109
2.186303
2.18872
2.185498
2.18872
2.184692
2.187915
2.185498
2.18872
2.183887
2.18872
2.183081
2.189526
2.182275
2.190332
2.182275
2.18872
2.183081
2.187915
2.183081
2.186303
2.186303
2.184692
2.186303
2.183081
2.18872
2.180664
2.18872
2.182275
2.187915
2.181469
2.187915
2.181469
2.187915
2.185498
2.186303
2.181469
2.185498
2.183081
2.183887
2.183081
2.184692
2.182275
2.182275
2.183081
2.182275
2.185498
2.182275
2.183887
2.183081
2.182275
2.183081
2.183887
2.182275
2.182275
2.183081
2.182275
2.183081
2.182275
2.183887
2.180664
2.183887
2.179052
2.183887
2.179052
2.184692
2.179858
2.183887
2.179858
2.183887
2.176635
2.185498
2.176635
2.185498
2.178247
2.183081
2.17583
2.183081
2.178247
2.182275
2.179052
2.180664
2.179052
2.179858
2.179858
2.181469
2.182275
2.177441
2.182275
2.176635
2.183081
2.176635
2.181469
2.175024
2.183081
2.17583
2.181469
2.17583
2.180664
2.176635
2.179858
2.17583
2.179858
2.176635
2.179858
2.17583
2.179052
2.176635
2.179858
2.176635
2.177441
2.17583
2.178247
2.178247
2.177441
2.17583
2.17583
2.176635
2.176635
2.177441
2.17583
2.175024
2.17583
2.17583
2.17583
2.17583
2.17583
2.17583
2.17583
2.174218
2.175024
2.174218
2.174218
2.17583
2.17583
2.175024
2.174218
2.173413
2.175024
2.176635
2.17583
2.173413
2.17583
2.170995
2.176635
2.170995
2.175024
2.170995
2.176635
2.169384
2.17583
2.168579
2.177441
2.168579
2.17583
2.17019
2.17583
2.170995
2.174218
2.171801
2.172607
2.172607
2.170995
2.172607
2.169384
2.173413
2.168579
2.175024
2.167773
2.175024
2.168579
2.173413
2.166967
2.175024
2.166967
2.174218
2.168579
2.171801
2.167773
2.172607
2.168579
2.173413
2.168579
2.171801
2.167773
2.17019
2.168579
2.170995
2.169384
2.169384
2.168579
2.170995
2.168579
2.167773
2.168579
2.168579
2.167773
2.168579
2.167773
2.168579
2.168579
2.167773
2.167773
2.169384
2.167773
2.167773
2.166162
2.17019
2.166967
2.169384
2.166967
2.169384
2.166162
2.169384
2.165356
2.17019
2.16455
2.169384
2.162939
2.17019
2.162133
2.170995
2.162133
2.169384
2.163744
2.169384
2.163744
2.168579
2.16455
2.167773
2.16455
2.166967
2.166967
2.162133
2.167773
2.161327
2.167773
2.161327
2.167773
2.160522
2.167773
2.161327
2.166967
2.159716
2.166162
2.161327
2.16455
2.161327
2.16455
2.162939
2.162939
2.162939
2.16455
2.162939
2.162939
2.163744
2.163744
2.16455
2.160522
2.162133
2.162939
2.162133
2.162939
2.162939
2.162133
2.161327
2.160522
2.160522
2.162133
2.160522
2.163744
2.157299
2.162133
2.159716
2.163744
2.158105
2.16455
2.157299
2.16455
2.156493
2.162133
2.156493
2.162133
2.158911
2.160522
2.159716
2.158105
2.162133
2.155688
2.162133
2.154076
2.163744
2.156493
2.161327
2.155688
2.160522
2.155688
2.158911
2.156493
2.160522
2.157299
2.159716
2.156493
2.158105
2.158105
2.157299
2.158105
2.156493
2.156493
2.157299
2.156493
2.156493
2.157299
2.157299
2.156493
2.156493
2.156493
2.156493
2.154882
2.156493
2.153271
2.156493
2.152465
2.159716
2.152465
2.157299
2.152465
2.158105
2.151659
2.158105
2.150854
2.157299
2.150048
2.154882
2.150854
2.155688
2.153271
2.153271
2.155688
2.152465
2.156493
2.149242
2.156493
2.150048
2.155688
2.149242
2.154882
2.150048
2.152465
2.150854
2.152465
2.150854
2.152465
2.150854
2.151659
2.151659
2.151659
2.152465
2.150854
2.152465
2.151659
2.150854
2.150854
2.150854
2.151659
2.151659
2.152465
2.149242
2.151659
2.148437
2.152465
2.147631
2.151659
2.145214
2.153271
2.144408
2.150048
2.146825
2.150048
2.147631
2.149242
2.148437
2.146825
2.150854
2.144408
2.152465
2.143603
2.150854
2.144408
2.151659
2.14602
2.150048
2.144408
2.149242
2.14602
2.148437
2.146825
2.146825
2.14602
2.146825
2.143603
2.146825
2.146825
2.146825
2.146825
2.148437
2.146825
2.146825
2.145214
2.14602
2.144408
2.145214
2.145214
2.146825
2.143603
2.150048
2.143603
2.147631
2.141186
2.14602
2.141991
2.147631
2.141186
2.147631
2.141186
2.148437
2.139574
2.146825
2.139574
2.14602
2.139574
2.146825
2.141186
2.143603
2.142797
2.142797
2.144408
2.14038
2.145214
2.139574
2.145214
2.139574
2.143603
2.139574
2.14602
2.14038
2.144408
2.138768
2.144408
2.139574
2.143603
2.138768
2.142797
2.14038
2.141186
2.139574
2.141991
2.14038
2.14038
2.141186
2.14038
2.139574
2.14038
2.136352
2.139574
2.14038
2.139574
2.14038
2.139574
2.139574
2.14038
2.138768
2.137963
2.138768
2.138768
2.137963
2.141186
2.136352
2.141186
2.137157
2.141186
2.13474
2.141186
2.133934
2.142797
2.133934
2.14038
2.13474
2.141186
2.133934
2.137963
2.137157
2.13474
2.14038
2.13474
2.139574
2.133129
2.139574
2.133129
2.138768
2.133129
2.137963
2.133129
2.138768
2.133934
2.137157
2.131517
2.137157
2.133934
2.133934
2.133934
2.135546
2.135546
2.13474
2.13474
2.133129
2.133934
2.133129
2.133934
2.133129
2.133934
2.133129
2.133934
2.133129
2.131517
2.133934
2.130712
2.133934
2.129906
2.13474
2.129906
2.137157
2.129906
2.13474
2.1291
2.13474
2.127489
2.135546
2.128295
2.133934
2.1291
2.133129
2.129906
2.1291
2.13474
2.1291
2.13474
2.127489
2.133934
2.127489
2.133934
2.125072
2.133934
2.126683
2.132323
2.127489
2.131517
2.125878
2.129906
2.126683
2.129906
2.127489
2.129906
2.128295
2.127489
2.128295
2.128295
2.127489
2.126683
2.126683
2.127489
2.127489
2.126683
2.127489
2.125878
2.127489
2.128295
2.126683
2.127489
2.125878
2.128295
2.126683
2.127489
2.125072
2.127489
2.125072
2.127489
2.124266
2.128295
2.125072
2.126683
2.123461
2.128295
2.123461
2.128295
2.121849
2.1291
2.123461
2.128295
2.121044
2.128295
2.119432
2.127489
2.120238
2.125072
2.121044
2.126683
2.122655
2.124266
2.123461
2.124266
2.125072
2.121849
2.125878
2.121044
2.125878
2.118627
2.126683
2.120238
2.125072
2.118627
2.126683
2.119432
2.126683
2.117821
2.125072
2.118627
2.125072
2.118627
2.125072
2.118627
2.124266
2.118627
2.122655
2.118627
2.121849
2.118627
2.121849
2.118627
2.121044
2.119432
2.120238
2.119432
2.120238
2.121044
2.120238
2.119432
2.118627
2.117821
2.118627
2.118627
2.117821
2.115404
2.117821
2.117821
2.11621
2.118627
2.118627
2.115404
2.117821
2.11621
2.117015
2.11621
2.119432
2.114598
2.119432
2.114598
2.120238
2.112987
2.119432
2.113793
2.121849
2.113793
2.118627
2.113793
2.118627
2.111376
2.115404
2.11621
2.113793
2.117015
2.112181
2.117821
2.112181
2.117821
2.108958
2.117015
2.11057
2.117015
2.112181
2.115404
2.112181
2.115404
2.112181
2.114598
2.112987
2.113793
2.112987
2.112987
2.113793
2.113793
2.112987
2.112987
2.113793
2.112987
2.112181
2.112181
2.112181
2.112181
2.109764
2.112181
2.111376
2.11057
2.108958
2.112181
2.109764
2.112181
2.108153
2.112987
2.108153
2.112987
2.107347
2.112987
2.107347
2.112987
2.10493
2.112987
2.105736
2.112181
2.106541
2.11057
2.107347
2.108153
2.108153
2.108153
2.11057
2.106541
2.11057
2.104125
2.111376
2.10493
2.111376
2.104125
2.11057
2.10493
2.109764
2.104125
2.111376
2.10493
2.108958
2.102513
2.108958
2.105736
2.108153
2.10493
2.105736
2.105736
2.105736
2.105736
2.10493
2.10493
2.105736
2.105736
2.104125
2.10493
2.104125
2.10493
2.10493
2.10493
2.109764
2.104125
2.104125
2.103319
2.104125
2.10493
2.10493
2.102513
2.103319
2.102513
2.104125
2.101707
2.105736
2.09929
2.10493
2.100902
2.10493
2.100096
2.105736
2.098485
2.10493
2.096873
2.10493
2.096873
2.10493
2.098485
2.102513
2.09929
2.100902
2.101707
2.100096
2.101707
2.098485
2.103319
2.096068
2.104125
2.096873
2.102513
2.096873
2.102513
2.096068
2.102513
2.096068
2.101707
2.096873
2.100902
2.095262
2.100902
2.096873
2.100096
2.096068
2.096873
2.096873
2.097679
2.096873
2.096873
2.097679
2.096873
2.095262
2.096068
2.096068
2.095262
2.096068
2.096873
2.094456
2.095262
2.098485
2.096068
2.095262
2.095262
2.095262
2.095262
2.093651
2.095262
2.093651
2.095262
2.092845
2.097679
2.092039
2.100096
2.092845
2.096873
2.089622
2.095262
2.090428
2.095262
2.089622
2.097679
2.090428
2.096068
2.088011
2.096873
2.088011
2.096068
2.088011
2.093651
2.089622
2.094456
2.088817
2.090428
2.090428
2.090428
2.092039
2.088817
2.093651
2.0864
2.094456
2.087205
2.095262
2.087205
2.092845
2.0864
2.092845
2.087205
2.091234
2.085594
2.091234
2.0864
2.091234
2.087205
2.089622
2.088011
2.090428
2.087205
2.088817
2.088011
2.087205
2.088011
2.087205
2.0864
2.0864
2.087205
2.0864
2.087205
2.087205
2.085594
2.087205
2.085594
2.0864
2.084788
2.0864
2.084788
2.085594
2.083982
2.084788
2.083982
2.087205
2.083982
2.0864
2.082371
2.087205
2.083177
2.087205
2.081566
2.085594
2.079954
2.0864
2.079149
2.087205
2.077537
2.087205
2.079149
2.087205
2.08076
2.084788
2.081566
2.082371
2.082371
2.081566
2.082371
2.079954
2.083982
2.077537
2.083982
2.078343
2.085594
2.076731
2.084788
2.076731
2.083982
2.077537
2.082371
2.079149
2.082371
2.075926
2.082371
2.078343
2.079954
2.077537
2.08076
2.076731
2.079954
2.078343
2.079149
2.078343
2.079954
2.078343
2.077537
2.077537
2.077537
2.077537
2.076731
2.076731
2.079149
2.077537
2.077537
2.076731
2.075926
2.075926
2.076731
2.075926
2.076731
2.07512
2.07512
2.074314
2.076731
2.07512
2.075926
2.073509
2.076731
2.072703
2.076731
2.071092
2.077537
2.072703
2.077537
2.071092
2.077537
2.070286
2.076731
2.06948
2.077537
2.067063
2.076731
2.067063
2.075926
2.067869
2.074314
2.06948
2.072703
2.071092
2.071898
2.072703
2.06948
2.07512
2.068675
2.074314
2.068675
2.07512
2.066258
2.074314
2.066258
2.073509
2.066258
2.071898
2.066258
2.072703
2.066258
2.072703
2.066258
2.071092
2.067063
2.070286
2.066258
2.06948
2.066258
2.06948
2.066258
2.067063
2.066258
2.066258
2.066258
2.067063
2.067063
2.066258
2.066258
2.065452
2.066258
2.066258
2.065452
2.064646
2.065452
2.065452
2.065452
2.065452
2.065452
2.064646
2.064646
2.063841
2.063035
2.063841
2.063035
2.063841
2.063035
2.063841
2.063035
2.063841
2.059762
2.063841
2.059762
2.064646
2.058956
2.063841
2.055733
2.065452
2.058151
2.065452
2.056539
2.063035
2.054928
2.063841
2.056539
2.063841
2.054928
2.064646
2.054928
2.063841
2.053317
2.059762
2.054122
2.058956
2.054928
2.060568
2.054928
2.057345
2.056539
2.055733
2.057345
2.053317
2.057345
2.054122
2.059762
2.051705
2.058956
2.0509
2.058956
2.051705
2.059762
2.050094
2.058151
2.0509
2.058151
2.050094
2.058151
2.052511
2.056539
2.053317
2.054928
2.0509
2.054122
2.051705
2.053317
2.051705
2.054122
2.051705
2.052511
2.051705
2.051705
2.051705
2.051705
2.0509
2.050094
2.049288
2.050094
2.050094
2.0509
2.050094
2.050094
2.049288
2.048482
2.048482
2.050094
2.047677
2.048482
2.046065
2.050094
2.04526
2.0509
2.04526
2.050094
2.044454
2.051705
2.043648
2.0509
2.042843
2.050094
2.044454
2.050094
2.041231
2.049288
2.044454
2.047677
2.04526
2.04526
2.046065
2.042037
2.046871
2.042843
2.048482
2.040426
2.047677
2.040426
2.046871
2.040426
2.046871
2.03962
2.046871
2.03962
2.04526
2.040426
2.04526
2.038009
2.043648
2.041231
2.043648
2.03962
2.042037
2.040426
2.041231
2.042037
2.040426
2.041231
2.041231
2.03962
2.041231
2.03962
2.038814
2.03962
2.03962
2.03962
2.040426
2.03962
2.03962
2.03962
2.040426
2.03962
2.040426
2.037203
2.038009
2.037203
2.037203
2.038009
2.035592
2.035592
2.038009
2.036397
2.038009
2.03398
2.03962
2.034786
2.038009
2.03398
2.038009
2.03398
2.038009
2.032369
2.038009
2.031563
2.040426
2.030758
2.038009
2.029952
2.03962
2.029146
2.037203
2.030758
2.037203
2.030758
2.036397
2.032369
2.03398
2.033175
2.032369
2.03398
2.031563
2.034786
2.029952
2.034786
2.028341
2.034786
2.028341
2.037203
2.026729
2.035592
2.027535
2.033175
2.025923
2.035592
2.026729
2.033175
2.028341
2.033175
2.025923
2.033175
2.026729
2.032369
2.025923
2.031563
2.026729
2.030758
2.025923
2.029952
2.029146
2.028341
2.026729
2.028341
2.027535
2.028341
2.025923
2.026729
2.027535
2.026729
2.026729
2.025923
2.027535
2.025118
2.026729
2.025923
2.025923
2.025118
2.025923
2.024312
2.025118
2.024312
2.024312
2.024312
2.024312
2.025118
2.023506
2.023506
2.022701
2.023506
2.021895
2.023506
2.021895
2.027535
2.020284
2.025118
2.020284
2.023506
2.020284
2.023506
2.018672
2.024312
2.017061
2.024312
2.016255
2.025923
2.016255
2.025118
2.01545
2.022701
2.017061
2.023506
2.014644
2.022701
2.017867
2.02109
2.018672
2.019478
2.020284
2.01545
2.02109
2.012227
2.021895
2.013838
2.02109
2.013033
2.020284
2.013838
2.020284
2.011421
2.019478
2.013033
2.017867
2.013033
2.018672
2.013033
2.017867
2.013838
2.01545
2.013838
2.014644
2.013838
2.013838
2.013033
2.014644
2.012227
2.013838
2.013033
2.012227
2.016255
2.012227
2.013033
2.012227
2.012227
2.013033
2.011421
2.013033
2.011421
2.011421
2.010616
2.011421
2.008198
2.013033
2.007393
2.013033
2.007393
2.014644
2.004976
2.014644
2.005782
2.01545
2.004976
2.012227
2.00417
2.011421
2.006587
2.007393
2.009004
2.005782
2.010616
2.002559
2.010616
2.002559
2.010616
2.002559
2.009004
2.00417
2.009004
2.004976
2.007393
2.00417
2.005782
2.004976
2.005782
2.004976
2.005782
2.00417
2.005782
2.003365
2.005782
2.003365
2.004976
2.001753
2.003365
2.001753
2.003365
2.000947
2.005782
2.000142
2.004976
1.997725
2.006587
1.996919
2.005782
1.999336
2.006587
1.999336
2.000947
2.002559
1.997725
2.003365
1.996113
2.00417
1.996113
2.003365
1.996919
2.001753
1.996919
2.002559
1.996113
1.997725
1.997725
1.99853
1.99853
1.996919
1.996919
1.996919
1.996919
1.996919
1.997725
1.996919
1.995308
1.996113
1.995308
1.996113
1.994502
1.99853
1.992085
1.99853
1.991279
1.996919
1.990474
1.997725
1.988057
1.999336
1.990474
1.995308
1.993696
1.992085
1.993696
1.989668
1.996919
1.988862
1.996919
1.987251
1.997725
1.987251
1.993696
1.988057
1.995308
1.989668
1.991279
1.988862
1.990474
1.98564
1.990474
1.988862
1.988862
1.988862
1.989668
1.988862
1.989668
1.988057
1.989668
1.986445
1.988057
1.987251
1.990474
1.98564
1.988862
1.984834
1.990474
1.984834
1.988057
1.982417
1.990474
1.982417
1.990474
1.981611
1.989668
1.981611
1.98564
1.984028
1.983223
1.98564
1.980806
1.987251
1.98
1.988862
1.979194
1.987251
1.98
1.98564
1.980806
1.984028
1.980806
1.983223
1.98
1.982417
1.980806
1.980806
1.98
1.98
1.980806
1.980806
1.979194
1.977583
1.978389
1.979194
1.978389
1.979194
1.977583
1.978389
1.977583
1.98
1.975166
1.98
1.97436
1.980806
1.97436
1.980806
1.972749
1.98
1.971138
1.980806
1.970332
1.978389
1.971943
1.975972
1.973555
1.972749
1.97436
1.971138
1.978389
1.96872
1.976777
1.969526
1.976777
1.96872
1.975166
1.969526
1.975166
1.970332
1.97436
1.970332
1.971943
1.971138
1.969526
1.969526
1.971943
1.971138
1.970332
1.970332
1.969526
1.969526
1.970332
1.96872
1.969526
1.967915
1.967915
1.96872
1.971138
1.965498
1.969526
1.967109
1.96872
1.964692
1.970332
1.961469
1.969526
1.963886
1.969526
1.960664
1.969526
1.961469
1.970332
1.959858
1.970332
1.961469
1.967109
1.961469
1.964692
1.963081
1.961469
1.965498
1.960664
1.964692
1.959858
1.966303
1.957441
1.966303
1.957441
1.966303
1.956635
1.963886
1.957441
1.963081
1.956635
1.962275
1.957441
1.961469
1.957441
1.960664
1.957441
1.961469
1.957441
1.958247
1.957441
1.957441
1.957441
1.956635
1.95583
1.956635
1.95583
1.95583
1.95583
1.95583
1.954218
1.95583
1.954218
1.956635
1.951801
1.957441
1.95019
1.956635
1.950996
1.957441
1.950996
1.956635
1.946967
1.957441
1.947773
1.95583
1.947773
1.955024
1.949384
1.951801
1.95019
1.949384
1.953413
1.946967
1.953413
1.945356
1.954218
1.946161
1.954218
1.945356
1.951801
1.946161
1.95019
1.94455
1.95019
1.945356
1.946967
1.946967
1.945356
1.946161
1.946967
1.946967
1.945356
1.946161
1.945356
1.943745
1.943745
1.943745
1.94455
1.942133
1.946161
1.942133
1.94455
1.939716
1.946161
1.938105
1.946161
1.936493
1.945356
1.936493
1.945356
1.938105
1.943745
1.939716
1.939716
1.942133
1.936493
1.943745
1.935688
1.94455
1.934076
1.942133
1.935688
1.943745
1.934882
1.939716
1.935688
1.93891
1.935688
1.93891
1.934882
1.937299
1.934882
1.935688
1.935688
1.934882
1.934882
1.934882
1.933271
1.934076
1.933271
1.935688
1.934076
1.932465
1.932465
1.933271
1.933271
1.932465
1.931659
1.931659
1.930854
1.930048
1.930048
1.931659
1.929242
1.931659
1.929242
1.930048
1.925214
1.930854
1.92602
1.930854
1.927631
1.928437
1.923603
1.930854
1.923603
1.929242
1.921991
1.930854
1.921991
1.930048
1.921186
1.929242
1.919574
1.929242
1.919574
1.928437
1.919574
1.92602
1.921186
1.924408
1.921991
1.922797
1.922797
1.917963
1.921991
1.917963
1.923603
1.916352
1.925214
1.915546
1.923603
1.91474
1.923603
1.913129
1.921991
1.913129
1.919574
1.913129
1.918769
1.913129
1.918769
1.91474
1.917963
1.91474
1.916352
1.913129
1.91474
1.912323
1.91474
1.912323
1.911518
1.912323
1.912323
1.912323
1.911518
1.911518
1.910712
1.909906
1.910712
1.9091
1.9091
1.908295
1.907489
1.908295
1.908295
1.905878
1.907489
1.908295
1.905878
1.905072
1.905878
1.903461
1.906683
1.903461
1.907489
1.901044
1.906683
1.900238
1.905878
1.899432
1.906683
1.898627
1.906683
1.897015
1.906683
1.89621
1.905878
1.89621
1.903461
1.89621
1.902655
1.897821
1.900238
1.898627
1.897015
1.900238
1.895404
1.901044
1.892987
1.901044
1.89057
1.900238
1.891376
1.899432
1.892987
1.897015
1.891376
1.895404
1.892181
1.895404
1.892181
1.893793
1.891376
1.892181
1.892987
1.892181
1.891376
1.889764
1.891376
1.892181
1.89057
1.892181
1.889764
1.889764
1.887347
1.888959
1.886541
1.89057
1.884125
1.89057
1.883319
1.889764
1.881707
1.889764
1.880096
1.89057
1.880902
1.888153
1.880902
1.884125
1.886541
1.87929
1.885736
1.878485
1.888153
1.877679
1.886541
1.876873
1.886541
1.876873
1.883319
1.877679
1.880902
1.878485
1.87929
1.878485
1.87929
1.877679
1.876068
1.876873
1.876873
1.876873
1.875262
1.876873
1.875262
1.872039
1.875262
1.873651
1.876873
1.869622
1.876068
1.868817
1.876068
1.8664
1.877679
1.8664
1.872039
1.868817
1.870428
1.870428
1.864788
1.871234
1.863983
1.868817
1.863177
1.869622
1.863983
1.868817
1.863983
1.868011
1.863983
1.865594
1.864788
1.864788
1.863983
1.863177
1.863983
1.863177
1.861565
1.863177
1.86076
1.862371
1.858343
1.861565
1.859149
1.862371
1.856731
1.863177
1.855875
1.863177
1.853458
1.863177
1.853458
1.859954
1.853458
1.859149
1.85507
1.85507
1.856731
1.851847
1.859149
1.848624
1.856731
1.84943
1.856731
1.84943
1.855875
1.84943
1.853458
1.850236
1.851041
1.850236
1.84943
1.848624
1.848624
1.847819
1.847819
1.847013
1.847013
1.848624
1.847013
1.847013
1.846207
1.844596
1.844596
1.842985
1.846207
1.841373
1.845402
1.837345
1.845402
1.838956
1.846207
1.837345
1.84379
1.834928
1.847013
1.831705
1.842985
1.834122
1.839762
1.833316
1.838151
1.835734
1.833316
1.837345
1.830899
1.838956
1.827677
1.837345
1.827677
1.836539
1.827677
1.834122
1.826871
1.834122
1.827677
1.830094
1.827677
1.829288
1.827677
1.826871
1.826871
1.826871
1.826871
1.824454
1.824454
1.824454
1.823648
1.822037
1.822037
1.822037
1.820426
1.820426
1.817203
1.822843
1.814786
1.821231
1.81398
1.820426
1.812369
1.821231
1.809146
1.820426
1.809146
1.817203
1.809952
1.816397
1.811563
1.811563
1.813175
1.806729
1.81398
1.804312
1.81398
1.802701
1.812369
1.802701
1.809952
1.802701
1.808341
1.801089
1.807535
1.800284
1.805118
1.800284
1.808341
1.800284
1.801089
1.799478
1.801895
1.799478
1.797867
1.798672
1.797061
1.796255
1.794644
1.794644
1.794644
1.793838
1.790616
1.793033
1.793838
1.790616
1.792227
1.787393
1.790616
1.785782
1.792227
1.783365
1.790616
1.781753
1.790616
1.779336
1.78981
1.778531
1.788199
1.777725
1.785782
1.777725
1.780948
1.780142
1.776919
1.780948
1.772891
1.780948
1.771279
1.780142
1.768057
1.778531
1.767251
1.775308
1.768057
1.773696
1.76564
1.771279
1.76564
1.768057
1.764028
1.768057
1.764028
1.764834
1.761611
1.762417
1.761611
1.76
1.759194
1.758389
1.757583
1.756777
1.756777
1.755166
1.75436
1.75436
1.752749
1.753555
1.749526
1.751943
1.748721
1.751137
1.743886
1.750332
1.740664
1.748721
1.739858
1.749526
1.73583
1.747109
1.734218
1.743886
1.733413
1.738247
1.732607
1.73583
1.73583
1.730996
1.73583
1.726967
1.73583
1.723744
1.731801
1.721328
1.731801
1.71891
1.727773
1.718105
1.726162
1.715688
1.722939
1.714076
1.721328
1.712465
1.71891
1.711659
1.714076
1.711659
1.710048
1.706825
1.709242
1.705214
1.706825
1.702797
1.704408
1.701186
1.701991
1.698769
1.697963
1.695546
1.695546
1.697157
1.692323
1.691517
1.689906
1.688295
1.686683
1.685072
1.683461
1.681849
1.680238
1.677821
1.67621
1.677015
1.674598
1.671376
1.672181
1.669764
1.668959
1.665736
1.665736
1.662513
1.661707
1.65929
1.65929
1.655262
1.655262
1.652039
1.652039
1.645544
1.647155
1.641515
1.643932
1.638292
1.638292
1.63507
1.63507
1.631041
1.631041
1.626207
1.627013
1.621373
1.62379
1.616539
1.619762
1.611705
1.613317
1.606871
1.608482
1.602037
1.603648
1.596397
1.596397
1.589952
1.592369
1.585118
1.588341
1.579478
1.581089
1.573033
1.57545
1.567393
1.568199
1.560948
1.560948
1.552891
1.554502
1.547251
1.547251
1.54
1.540806
1.531943
1.531137
1.524692
1.522275
1.516635
1.514218
1.506967
1.503745
1.497299
1.492465
1.48602
1.481991
1.47474
1.472323
1.465072
1.457821
1.451376
1.447347
1.441657
1.434406
1.427961
1.419098
1.413458
1.40379
1.394928
1.386871
1.37962
1.369146
1.361895
1.350616
1.339336
1.326445
1.317583
1.304692
1.290996
1.278105
1.263603
1.248295
1.229714
1.212795
1.192653
1.176539
1.149952
1.133033
1.102417
1.082275
1.04602
1.020993
0.9774868
0.9476768
0.8896681
0.8509956
0.8227466
0.801799
0.8090501
0.8405218
0.8090501
0.8397161
0.801799
0.8389105
0.7969649
0.8429388
0.7889082
0.8453559
0.7832685
0.8469672
0.7776287
0.8485785
0.774406
0.8485785
0.7703776
0.8477729
0.7687663
0.8469672
0.7647379
0.8397161
0.7703776
0.8324651
0.7760174
0.8243579
0.7840741
0.8187181
0.7848798
0.8122728
0.7905195
0.8090501
0.7961593
0.8001877
0.8009933
0.7953536
0.8034103
0.7905195
0.8050217
0.7897139
0.8074388
0.7881025
0.8106614
0.7856855
0.8106614
0.7800457
0.8138842
0.7800457
0.8106614
0.771989
0.8195239
0.7703776
0.8235522
0.7647379
0.825214
0.7615152
0.8268253
0.7582925
0.8316594
0.7615152
0.8316594
0.7671549
0.8308537
0.7711833
0.825214
0.7752117
0.8195239
0.7800457
0.8138842
0.7824628
0.8090501
0.7897139
0.8001877
0.7961593
0.7945479
0.8034103
0.7881025
0.8082444
0.7792401
0.8187181
0.7727947
0.8219409
0.7655436
0.8292423
0.7566812
0.8332707
0.7518471
0.8332707
0.7558755
0.825214
0.7663493
0.8154955
0.774406
0.8082444
0.7840741
0.7969649
0.7905195
0.7913252
0.7985763
0.7840741
0.8090501
0.7760174
0.8154955
0.7687663
0.825214
0.7599039
0.8316594
0.7542641
0.8348821
0.7486244
0.8381048
0.7478187
0.8397161
0.7462073
0.8405218
0.7462073
0.8364934
0.7462073
0.8243579
0.7574868
0.8122728
0.7679606
0.7985763
0.776823
0.7953536
0.7824628
0.7872968
0.7881025
0.7816571
0.7961593
0.7727947
0.8034103
0.7703776
0.8146898
0.7615152
0.8179125
0.7566812
0.8260197
0.7623209
0.8195239
0.7711833
0.8090501
0.7816571
0.7985763
0.7929366
0.7897139
0.801799
0.7800457
0.8122728
0.7655436
0.8227466
0.7574868
0.8316594
0.7486244
0.8268253
0.7574868
0.8171068
0.769572
0.8066331
0.7784344
0.7929366
0.7929366
0.7840741
0.8058273
0.7711833
0.8171068
0.7631266
0.827631
0.7550698
0.8332707
0.7502357
0.8381048
0.7462073
0.8372992
0.7437903
0.8364934
0.7437903
0.8356877
0.742179
0.8227466
0.7534585
0.8138842
0.7671549
0.8009933
0.776823
0.7961593
0.7760174
0.7856855
0.7792401
0.7840741
0.7872968
0.774406
0.799382
0.769572
0.8058273
0.7655436
0.8098557
0.7550698
0.8163012
0.7534585
0.8235522
0.7623209
0.8171068
0.7703776
0.804216
0.7800457
0.7977706
0.7889082
0.7897139
0.799382
0.7776287
0.8082444
0.7703776
0.8154955
0.7607095
0.8227466
0.7542641
0.8292423
0.7478187
0.8316594
0.747013
0.8203296
0.7574868
0.8122728
0.7639322
0.8050217
0.7752117
0.799382
0.7784344
0.7937422
0.7872968
0.7856855
0.7945479
0.7792401
0.8026047
0.771989
0.8082444
0.7663493
0.8154955
0.7599039
0.8203296
0.7542641
0.8260197
0.7550698
0.8268253
0.7494301
0.8324651
0.747013
0.8316594
0.7462073
0.8348821
0.7437903
0.8332707
0.7437903
0.8364934
0.744596
0.8364934
0.744596
0.8340764
0.742179
0.8348821
0.7405676
0.827631
0.744596
0.8195239
0.7526527
0.8098557
0.7631266
0.8050217
0.7671549
0.8001877
0.7703776
0.7953536
0.7727947
0.7905195
0.774406
0.7872968
0.776823
0.7864912
0.7816571
0.7840741
0.7872968
0.7784344
0.7897139
0.774406
0.7961593
0.769572
0.7977706
0.7671549
0.8009933
0.7615152
0.8066331
0.7574868
0.8074388
0.7566812
0.8138842
0.7510414
0.8179125
0.7510414
0.8227466
0.7574868
0.8211352
0.7615152
0.8138842
0.7671549
0.8082444
0.769572
0.8001877
0.7792401
0.7961593
0.7856855
0.7864912
0.7945479
0.7816571
0.799382
0.774406
0.8074388
0.7679606
0.8114671
0.7607095
0.8211352
0.7486244
0.825214
0.744596
0.8284367
0.7510414
0.8187181
0.7550698
0.8082444
0.7639322
0.8009933
0.7752117
0.7913252
0.7889082
0.7832685
0.7953536
0.774406
0.8034103
0.7663493
0.8090501
0.7590981
0.8171068
0.7534585
0.825214
0.7486244
0.8260197
0.7478187
0.8260197
0.747013
0.8308537
0.7429847
0.8316594
0.742179
0.8324651
0.742179
0.8308537
0.7437903
0.8308537
0.742179
0.8316594
0.7397619
0.8340764
0.7365393
0.8332707
0.7389563
0.8219409
0.7413733
0.8154955
0.7518471
0.8082444
0.7566812
0.804216
0.7590981
0.8034103
0.7615152
0.7985763
0.7647379
0.7961593
0.7687663
0.7913252
0.769572
0.7872968
0.7760174
0.7832685
0.7816571
0.7800457
0.7824628
0.7760174
0.7856855
0.7736003
0.7872968
0.7703776
0.7953536
0.7671549
0.7977706
0.7615152
0.801799
0.7566812
0.8058273
0.7510414
0.8146898
0.7502357
0.8146898
0.7550698
0.8211352
0.7558755
0.8163012
0.7615152
0.8114671
0.7687663
0.804216
0.7703776
0.7977706
0.776823
0.7929366
0.7848798
0.7864912
0.7905195
0.7792401
0.7969649
0.771989
0.8050217
0.7655436
0.8106614
0.7590981
0.8163012
0.7558755
0.8195239
0.7478187
0.8260197
0.742179
0.825214
0.7405676
0.8187181
0.747013
0.8130785
0.7542641
0.8050217
0.7639322
0.799382
0.7736003
0.7905195
0.7792401
0.7856855
0.7864912
0.7784344
0.7937422
0.771989
0.7969649
0.7687663
0.8026047
0.7663493
0.8098557
0.7599039
0.8114671
0.7542641
0.8146898
0.7542641
0.8163012
0.7494301
0.8203296
0.7462073
0.8219409
0.744596
0.8243579
0.7462073
0.8268253
0.7454017
0.8260197
0.7437903
0.8260197
0.7437903
0.8260197
0.7413733
0.8268253
0.7405676
0.8268253
0.742179
0.8284367
0.7429847
0.8284367
0.742179
0.825214
0.7413733
0.827631
0.7389563
0.827631
0.7389563
0.827631
0.7349279
0.8324651
0.7333165
0.8284367
0.7341222
0.8203296
0.7397619
0.8138842
0.7478187
0.8106614
0.7494301
0.8090501
0.7494301
0.8066331
0.7502357
0.8034103
0.7550698
0.8034103
0.7534585
0.7969649
0.7607095
0.7985763
0.7590981
0.7961593
0.7615152
0.7929366
0.7655436
0.7897139
0.7655436
0.7905195
0.7687663
0.7881025
0.771989
0.7840741
0.7711833
0.7808514
0.7736003
0.7792401
0.774406
0.7792401
0.7760174
0.7808514
0.7736003
0.7792401
0.7760174
0.776823
0.7776287
0.7776287
0.7784344
0.776823
0.776823
0.7760174
0.771989
0.7784344
0.776823
0.7776287
0.7752117
0.7776287
0.774406
0.7752117
0.7711833
0.7776287
0.7703776
0.7776287
0.7736003
0.7776287
0.7752117
0.7800457
0.771989
0.7776287
0.7727947
0.7800457
0.7752117
0.7784344
0.7711833
0.7832685
0.7679606
0.7832685
0.7703776
0.7808514
0.771989
0.7840741
0.7711833
0.7808514
0.7736003
0.7840741
0.7711833
0.7816571
0.771989
0.7776287
0.769572
0.7848798
0.7703776
0.7832685
0.7711833
0.7808514
0.7687663
0.7824628
0.7687663
0.7808514
0.7703776
0.7808514
0.7727947
0.7776287
0.7703776
0.776823
0.7736003
0.7784344
0.7752117
0.7727947
0.7792401
0.771989
0.776823
0.7711833
0.7832685
0.769572
0.7824628
0.7639322
0.7937422
0.7615152
0.7929366
0.7631266
0.7937422
0.7582925
0.7977706
0.7534585
0.799382
0.7510414
0.8026047
0.7494301
0.8074388
0.7478187
0.8074388
0.744596
0.8114671
0.744596
0.8146898
0.7462073
0.8138842
0.7486244
0.8154955
0.7502357
0.8179125
0.7510414
0.8154955
0.7526527
0.8146898
0.7518471
0.8130785
0.7566812
0.8114671
0.7526527
0.8114671
0.7574868
0.8106614
0.7558755
0.8098557
0.7582925
0.8058273
0.7599039
0.8074388
0.7607095
0.801799
0.7639322
0.7969649
0.7655436
0.7937422
0.7663493
0.7937422
0.7703776
0.7937422
0.7736003
0.7905195
0.7776287
0.7881025
0.7776287
0.7840741
0.7808514
0.7792401
0.7872968
0.7784344
0.7881025
0.7736003
0.7905195
0.7736003
0.7929366
0.7736003
0.7945479
0.7679606
0.7961593
0.7679606
0.8001877
0.7671549
0.7945479
0.7655436
0.7985763
0.7631266
0.7913252
0.7574868
0.8066331
0.7558755
0.8026047
0.7550698
0.8090501
0.7558755
0.8098557
0.7526527
0.8122728
0.7526527
0.8122728
0.7502357
0.8146898
0.747013
0.8066331
0.7486244
0.8130785
0.744596
0.804216
0.7437903
0.8163012
0.7437903
0.8171068
0.7373449
0.8219409
0.7381506
0.825214
0.7373449
0.8211352
0.7510414
0.8235522
0.7429847
0.8066331
0.7462073
0.8098557
0.7518471
0.7977706
0.744596
0.7945479
0.7808514
0.7824628
0.7663493
0.7840741
0.7574868
0.799382
0.8001877
0.7639322
0.7889082
0.771989
0.8050217
0.7663493
0.7889082
0.7582925
0.7784344
0.7615152
0.7872968
0.7574868
0.8066331
0.7631266
0.8130785
0.7550698
0.8130785
0.7582925
0.8066331
0.7518471
0.7800457
0.7607095
0.7727947
0.7881025
0.8026047
0.7526527
0.8203296
0.7437903
0.7840741
0.7510414
0.8171068
0.7550698
0.8122728
0.7357336
0.8138842
0.7389563
0.8122728
0.7413733
0.7977706
0.7397619
0.7889082
0.7590981
0.8009933
0.7558755
0.7929366
0.7607095
0.7808514
0.7502357
0.7655436
0.7832685
0.7671549
0.7881025
0.7655436
0.7872968
0.7550698
0.7937422
0.7478187
0.8146898
0.7510414
0.8058273
0.7582925
0.8090501
0.7429847
0.7897139
0.7711833
0.7945479
0.7800457
0.7824628
0.7510414
0.7985763
0.7953536
0.7599039
0.776823
0.7679606
0.8082444
0.7639322
0.8154955
0.7727947
0.776823
0.774406
0.8009933
0.7655436
0.8187181
0.7502357
0.8106614
0.7389563
0.8082444
0.7462073
0.8066331
0.744596
0.8130785
0.7429847
0.8163012
0.7325109
0.7929366
0.7462073
0.804216
0.7365393
0.8138842
0.7526527
0.7760174
