3.3
3.3
3.3
3.3
3.3
2.161327
2.104125
2.096068
2.081566
2.082371
2.071898
2.073509
2.063035
2.065452
2.054122
2.058151
2.051705
2.052511
2.04526
2.047677
2.041231
2.043648
2.038814
2.038814
2.03398
2.03398
2.026729
2.029952
2.028341
2.026729
2.023506
2.023506
2.021895
2.019478
2.018672
2.017867
2.016255
2.014644
2.013838
2.012227
2.011421
2.00981
2.009004
2.009004
2.007393
2.006587
2.005782
2.004976
2.002559
2.005782
2.000947
2.002559
1.99853
2.001753
1.99853
2.001753
1.996113
2.000947
1.992891
1.99853
1.993696
1.99853
1.992085
1.997725
1.992085
1.996919
1.992891
1.994502
1.992891
1.993696
1.993696
1.992085
1.994502
1.990474
1.994502
1.989668
1.993696
1.989668
1.994502
1.988862
1.994502
1.988057
1.993696
1.988057
1.992891
1.988862
1.992891
1.988057
1.992891
1.989668
1.992891
1.988862
1.991279
1.989668
1.991279
1.989668
1.990474
1.990474
1.991279
1.991279
1.990474
1.991279
1.990474
1.990474
1.991279
1.992891
1.992085
1.992085
1.992085
1.992085
1.992891
1.992891
1.992891
1.992085
1.992891
1.992085
1.993696
1.993696
1.993696
1.990474
1.995308
1.992085
1.996113
1.992085
1.996113
1.991279
1.996919
1.990474
1.997725
1.993696
1.997725
1.993696
1.997725
1.996113
1.996919
1.996919
1.995308
1.997725
1.994502
2.000142
1.994502
2.001753
1.996113
2.000142
1.995308
1.999336
1.996113
2.000142
1.996113
2.000947
1.99853
1.99853
1.99853
2.001753
1.999336
2.000947
2.000142
2.000947
2.000947
2.000142
2.000947
2.001753
2.000947
2.004976
2.002559
2.000947
2.000947
2.003365
2.002559
2.00417
2.003365
2.003365
2.004976
2.004976
2.003365
2.004976
2.004976
2.006587
2.003365
2.007393
2.003365
2.007393
2.00417
2.008198
2.005782
2.00981
2.005782
2.012227
2.004976
2.011421
2.005782
2.011421
2.006587
2.010616
2.006587
2.009004
2.00981
2.009004
2.011421
2.009004
2.012227
2.009004
2.013033
2.009004
2.014644
2.00981
2.014644
2.010616
2.01545
2.00981
2.013838
2.00981
2.014644
2.013033
2.01545
2.013838
2.014644
2.014644
2.01545
2.013838
2.013838
2.013033
2.01545
2.01545
2.01545
2.016255
2.017061
2.01545
2.016255
2.018672
2.017061
2.017061
2.019478
2.017867
2.017867
2.017867
2.017867
2.018672
2.019478
2.018672
2.017867
2.019478
2.019478
2.020284
2.021895
2.020284
2.020284
2.019478
2.02109
2.02109
2.022701
2.020284
2.023506
2.02109
2.023506
2.021895
2.024312
2.02109
2.024312
2.02109
2.025118
2.022701
2.026729
2.022701
2.025923
2.02109
2.027535
2.022701
2.026729
2.023506
2.027535
2.023506
2.025923
2.026729
2.025118
2.028341
2.025118
2.029952
2.024312
2.030758
2.024312
2.030758
2.026729
2.029952
2.026729
2.030758
2.027535
2.030758
2.028341
2.031563
2.029146
2.028341
2.031563
2.030758
2.030758
2.030758
2.030758
2.031563
2.032369
2.032369
2.032369
2.031563
2.032369
2.033175
2.031563
2.033175
2.031563
2.035592
2.032369
2.036397
2.031563
2.038009
2.032369
2.038009
2.03398
2.038009
2.03398
2.038814
2.033175
2.038009
2.036397
2.035592
2.037203
2.036397
2.038009
2.034786
2.041231
2.035592
2.03962
2.035592
2.041231
2.036397
2.03962
2.036397
2.03962
2.037203
2.040426
2.037203
2.041231
2.037203
2.040426
2.03962
2.042037
2.040426
2.03962
2.041231
2.041231
2.042037
2.041231
2.042843
2.042037
2.041231
2.042037
2.042843
2.042843
2.042037
2.042843
2.042037
2.043648
2.043648
2.043648
2.043648
2.044454
2.037203
2.046065
2.042843
2.047677
2.042037
2.046871
2.043648
2.043648
2.042037
2.047677
2.041231
2.050094
2.042037
2.048482
2.044454
2.048482
2.044454
2.047677
2.046871
2.048482
2.047677
2.048482
2.047677
2.047677
2.048482
2.047677
2.047677
2.048482
2.050094
2.047677
2.049288
2.046871
2.050094
2.047677
2.0509
2.048482
2.051705
2.047677
2.050094
2.048482
2.0509
2.048482
2.051705
2.048482
2.052511
2.049288
2.051705
2.050094
2.0509
2.0509
2.053317
2.0509
2.051705
2.051705
2.050094
2.051705
2.052511
2.0509
2.0509
2.0509
2.0509
2.051705
2.051705
2.054928
2.0509
2.054122
2.0509
2.055733
2.0509
2.054122
2.0509
2.055733
2.0509
2.057345
2.050094
2.056539
2.050094
2.056539
2.0509
2.056539
2.053317
2.057345
2.052511
2.057345
2.051705
2.055733
2.052511
2.055733
2.052511
2.056539
2.053317
2.055733
2.053317
2.054928
2.054122
2.054122
2.054122
2.056539
2.054928
2.056539
2.054122
2.054122
2.054928
2.056539
2.056539
2.056539
2.056539
2.055733
2.054928
2.056539
2.055733
2.055733
2.055733
2.055733
2.056539
2.057345
2.056539
2.057345
2.055733
2.055733
2.056539
2.057345
2.058956
2.058151
2.054122
2.057345
2.055733
2.058956
2.056539
2.058151
2.057345
2.058956
2.054122
2.058956
2.053317
2.058956
2.056539
2.058956
2.054122
2.063035
2.054122
2.060568
2.054928
2.063035
2.054122
2.063035
2.054928
2.063035
2.054928
2.059762
2.054928
2.058956
2.054928
2.058151
2.056539
2.058151
2.055733
2.058956
2.057345
2.059762
2.058151
2.057345
2.058151
2.054928
2.058956
2.056539
2.058956
2.056539
2.060568
2.056539
2.059762
2.055733
2.060568
2.054928
2.066258
2.055733
2.063035
2.055733
2.060568
2.057345
2.063035
2.055733
2.059762
2.056539
2.060568
2.056539
2.063841
2.057345
2.060568
2.058151
2.059762
2.057345
2.060568
2.058151
2.060568
2.058956
2.066258
2.059762
2.059762
2.057345
2.063035
2.058956
2.059762
2.058956
2.059762
2.058956
2.059762
2.060568
2.060568
2.059762
2.058956
2.059762
2.058956
2.059762
2.058956
2.059762
2.059762
2.059762
2.060568
2.060568
2.059762
2.058956
2.056539
2.058956
2.060568
2.058151
2.063035
2.060568
2.063035
2.058151
2.059762
2.058151
2.063035
2.058151
2.064646
2.058151
2.060568
2.057345
2.063841
2.056539
2.063035
2.057345
2.064646
2.058151
2.063841
2.056539
2.063841
2.058151
2.064646
2.057345
2.064646
2.055733
2.063841
2.057345
2.063841
2.057345
2.063035
2.057345
2.064646
2.056539
2.063035
2.058956
2.060568
2.058151
2.059762
2.058151
2.059762
2.058956
2.060568
2.059762
2.063035
2.058956
2.058151
2.059762
2.058151
2.060568
2.058956
2.060568
2.058151
2.061373
2.056539
2.063035
2.057345
2.063035
2.056539
2.060568
2.058956
2.063035
2.054928
2.060568
2.054928
2.063841
2.055733
2.066258
2.054928
2.066258
2.054928
2.063841
2.054928
2.063035
2.055733
2.063035
2.054928
2.063035
2.055733
2.063035
2.054928
2.060568
2.054122
2.038814
2.033175
2.046065
2.042037
2.046065
2.04526
2.051705
2.046065
2.0509
2.046871
2.050094
2.046871
2.050094
2.046065
2.050094
1.988862
2.020284
2.025923
2.033175
2.030758
2.035592
2.03398
2.038009
2.035592
2.038009
2.037203
2.03962
2.037203
2.03962
2.038814
2.040426
2.03962
2.041231
2.040426
2.040426
2.041231
2.042037
2.041231
2.041231
2.042037
2.041231
2.040426
2.042843
2.041231
2.042037
2.041231
2.042843
2.042037
2.042037
2.042037
2.042843
2.042843
2.044454
2.042843
2.044454
2.044454
2.043648
2.042037
2.042843
2.044454
2.043648
2.043648
2.044454
2.043648
2.044454
2.04526
2.046065
2.046065
2.04526
2.04526
2.04526
2.04526
2.046065
2.046065
2.046065
2.04526
2.046871
2.044454
2.046065
2.044454
2.046871
2.04526
2.046871
2.04526
2.04526
2.04526
2.04526
2.04526
2.046871
2.044454
2.046065
2.043648
2.046871
2.042843
2.046871
2.043648
2.047677
2.043648
2.047677
2.044454
2.047677
2.043648
2.046871
2.043648
2.046871
2.042037
2.047677
2.042037
2.047677
2.042037
2.046871
2.041231
2.048482
2.041231
2.047677
2.042037
2.047677
2.042037
2.046871
2.042037
2.047677
2.042037
2.046871
2.043648
2.046065
2.043648
2.046065
2.043648
2.04526
2.044454
2.043648
2.046065
2.042843
2.046065
2.040426
2.046871
2.041231
2.046871
2.041231
2.047677
2.041231
2.047677
2.041231
2.046871
2.041231
2.046065
2.042037
2.046065
2.041231
2.047677
2.042037
2.046065
2.042037
2.04526
2.041231
2.04526
2.042037
2.043648
2.042037
2.042037
2.042037
2.03962
2.043648
2.042843
2.042843
2.043648
2.042843
2.043648
2.043648
2.043648
2.042037
2.042843
2.043648
2.042037
2.041231
2.042037
2.040426
2.042037
2.041231
2.040426
2.041231
2.040426
2.040426
2.03962
2.040426
2.040426
2.040426
2.038814
2.040426
2.03962
2.040426
2.03962
2.03962
2.038814
2.041231
2.03962
2.040426
2.040426
2.03962
2.037203
2.040426
2.03962
2.03962
2.037203
2.038814
2.03962
2.037203
2.03962
2.037203
2.038814
2.038009
2.040426
2.038009
2.041231
2.037203
2.040426
2.038814
2.040426
2.036397
2.03962
2.036397
2.03962
2.035592
2.03962
2.035592
2.038814
2.035592
2.03962
2.034786
2.040426
2.03398
2.038814
2.034786
2.03962
2.03398
2.038009
2.033175
2.03962
2.032369
2.038814
2.033175
2.038814
2.033175
2.038009
2.032369
2.038814
2.033175
2.038009
2.032369
2.040426
2.032369
2.038009
2.032369
2.036397
2.032369
2.038009
2.032369
2.036397
2.032369
2.038009
2.032369
2.03398
2.031563
2.036397
2.030758
2.037203
2.030758
2.036397
2.029952
2.035592
2.030758
2.035592
2.029146
2.035592
2.029952
2.034786
2.030758
2.034786
2.030758
2.034786
2.032369
2.03398
2.029952
2.035592
2.029952
2.03398
2.029146
2.03398
2.029952
2.033175
2.029146
2.033175
2.029146
2.033175
2.029952
2.03398
2.029146
2.033175
2.025923
2.032369
2.028341
2.031563
2.029146
2.030758
2.029146
2.029952
2.029146
2.029952
2.030758
2.029146
2.029146
2.030758
2.027535
2.029146
2.027535
2.028341
2.026729
2.029146
2.028341
2.028341
2.026729
2.026729
2.026729
2.025923
2.025923
2.026729
2.025923
2.025923
2.026729
2.025118
2.025923
2.025118
2.027535
2.025118
2.026729
2.024312
2.023506
2.024312
2.025118
2.022701
2.024312
2.023506
2.024312
2.022701
2.022701
2.023506
2.021895
2.022701
2.021895
2.021895
2.020284
2.022701
2.019478
2.022701
2.019478
2.021895
2.019478
2.02109
2.018672
2.021895
2.018672
2.020284
2.017061
2.02109
2.016255
2.018672
2.017061
2.019478
2.01545
2.018672
2.013838
2.018672
2.013838
2.017867
2.013033
2.017867
2.017061
2.017061
2.014644
2.018672
2.013033
2.017867
2.012227
2.018672
2.013033
2.017867
2.013033
2.017867
2.011421
2.016255
2.012227
2.016255
2.00981
2.017061
2.010616
2.016255
2.00981
2.01545
2.010616
2.017867
2.00981
2.014644
2.008198
2.013838
2.009004
2.014644
2.006587
2.013838
2.008198
2.013838
2.007393
2.013838
2.006587
2.012227
2.006587
2.011421
2.007393
2.011421
2.007393
2.011421
2.005782
2.010616
2.005782
2.009004
2.005782
2.009004
2.004976
2.00981
2.004976
2.008198
2.005782
2.008198
2.004976
2.007393
2.004976
2.004976
2.004976
2.005782
2.004976
2.004976
2.004976
2.003365
2.006587
2.003365
2.005782
2.002559
2.005782
2.000947
2.005782
2.000142
2.004976
2.000142
2.005782
1.999336
2.006587
1.999336
2.004976
2.000142
2.00417
1.99853
2.003365
1.999336
2.00417
1.99853
2.003365
1.997725
2.001753
1.99853
2.001753
1.99853
2.001753
1.997725
2.001753
1.996113
2.000142
1.997725
2.001753
1.996113
1.999336
1.995308
2.000142
1.995308
1.99853
1.996113
1.99853
1.995308
1.997725
1.995308
1.997725
1.994502
1.996919
1.994502
1.996919
1.995308
1.995308
1.992891
1.995308
1.994502
1.993696
1.992085
1.992891
1.992891
1.992891
1.992085
1.993696
1.991279
1.992085
1.991279
1.990474
1.991279
1.991279
1.990474
1.990474
1.988862
1.988862
1.988862
1.988057
1.988057
1.989668
1.988057
1.987251
1.987251
1.987251
1.987251
1.986445
1.98564
1.987251
1.986445
1.98564
1.984834
1.984834
1.984834
1.98564
1.984834
1.984028
1.984028
1.984028
1.983223
1.984834
1.984028
1.984028
1.981611
1.984028
1.980806
1.984028
1.981611
1.986445
1.979194
1.984834
1.979194
1.983223
1.979194
1.983223
1.977583
1.983223
1.977583
1.982417
1.975972
1.982417
1.976777
1.983223
1.975972
1.980806
1.976777
1.979194
1.976777
1.978389
1.979194
1.976777
1.979194
1.975166
1.979194
1.97436
1.978389
1.973555
1.978389
1.972749
1.977583
1.971943
1.977583
1.972749
1.975972
1.971943
1.976777
1.972749
1.976777
1.971138
1.976777
1.972749
1.972749
1.967915
1.973555
1.970332
1.971138
1.971138
1.967109
1.971943
1.971138
1.970332
1.971943
1.969526
1.969526
1.969526
1.970332
1.969526
1.967915
1.96872
1.96872
1.96872
1.967915
1.967915
1.967915
1.966303
1.967915
1.967109
1.967915
1.966303
1.967109
1.964692
1.967915
1.963886
1.966303
1.962275
1.963886
1.960664
1.965498
1.960664
1.964692
1.959052
1.966303
1.957441
1.963886
1.957441
1.964692
1.957441
1.963081
1.957441
1.962275
1.957441
1.962275
1.956635
1.960664
1.958247
1.958247
1.957441
1.956635
1.959858
1.95583
1.958247
1.958247
1.957441
1.953413
1.959052
1.950996
1.957441
1.952607
1.956635
1.950996
1.95583
1.95019
1.957441
1.949384
1.954218
1.948579
1.955024
1.949384
1.953413
1.949384
1.952607
1.948579
1.950996
1.947773
1.950996
1.949384
1.949384
1.946967
1.949384
1.946967
1.948579
1.946161
1.947773
1.946967
1.946967
1.94455
1.946967
1.94455
1.946161
1.945356
1.945356
1.943745
1.943745
1.94455
1.942939
1.943745
1.942939
1.942939
1.941327
1.940522
1.941327
1.942939
1.940522
1.940522
1.940522
1.939716
1.941327
1.93891
1.940522
1.937299
1.93891
1.936493
1.939716
1.935688
1.938105
1.934076
1.937299
1.934076
1.938105
1.933271
1.937299
1.931659
1.936493
1.930854
1.935688
1.930048
1.936493
1.930048
1.934882
1.928437
1.933271
1.931659
1.931659
1.932465
1.929242
1.932465
1.928437
1.932465
1.92602
1.931659
1.92602
1.931659
1.925214
1.930854
1.924408
1.929242
1.924408
1.928437
1.924408
1.928437
1.924408
1.92602
1.922797
1.922797
1.921186
1.923603
1.921991
1.921991
1.923603
1.921991
1.92038
1.921991
1.921186
1.92038
1.921186
1.92038
1.919574
1.919574
1.919574
1.917963
1.919574
1.915546
1.918769
1.917963
1.916352
1.917157
1.915546
1.916352
1.915546
1.917157
1.913935
1.916352
1.912323
1.915546
1.909906
1.916352
1.9091
1.915546
1.908295
1.915546
1.908295
1.912323
1.908295
1.909906
1.9091
1.908295
1.9091
1.907489
1.910712
1.905072
1.909906
1.903461
1.909906
1.902655
1.9091
1.902655
1.907489
1.902655
1.905878
1.903461
1.904266
1.901849
1.901849
1.901044
1.901849
1.901044
1.899432
1.900238
1.899432
1.899432
1.897821
1.899432
1.897821
1.897015
1.898627
1.897015
1.897015
1.895404
1.89621
1.894598
1.89621
1.892987
1.895404
1.889764
1.895404
1.889764
1.892181
1.894598
1.893793
1.887347
1.893793
1.885736
1.89057
1.88493
1.89057
1.886541
1.887347
1.887347
1.88493
1.887347
1.881707
1.888153
1.880902
1.888959
1.87929
1.885736
1.880096
1.88493
1.880096
1.883319
1.880096
1.881707
1.87929
1.880096
1.877679
1.87929
1.878485
1.878485
1.876873
1.876068
1.876068
1.875262
1.876068
1.874456
1.875262
1.873651
1.873651
1.873651
1.872039
1.870428
1.869622
1.871234
1.867205
1.873651
1.867205
1.871234
1.8664
1.871234
1.863177
1.870428
1.862371
1.869622
1.86076
1.867205
1.861565
1.867205
1.862371
1.863983
1.863177
1.859954
1.863983
1.859149
1.863177
1.855875
1.862371
1.85507
1.862371
1.85507
1.859149
1.85507
1.857537
1.85507
1.855875
1.852653
1.855875
1.851847
1.852653
1.851847
1.851041
1.851041
1.850236
1.847819
1.847819
1.847819
1.847013
1.846207
1.847013
1.845402
1.845402
1.842985
1.844596
1.839762
1.844596
1.838956
1.842985
1.835734
1.842985
1.834122
1.840568
1.834928
1.839762
1.835734
1.834122
1.837345
1.831705
1.837345
1.830899
1.837345
1.829288
1.834928
1.829288
1.832511
1.827677
1.830094
1.827677
1.829288
1.826871
1.826871
1.826871
1.82526
1.822037
1.822843
1.822843
1.823648
1.822843
1.821231
1.820426
1.820426
1.81962
1.820426
1.817203
1.821231
1.814786
1.81962
1.812369
1.81962
1.811563
1.816397
1.810758
1.81398
1.812369
1.808341
1.810758
1.806729
1.812369
1.804312
1.809952
1.804312
1.809146
1.803506
1.807535
1.804312
1.805118
1.802701
1.804312
1.801895
1.802701
1.800284
1.801089
1.801089
1.799478
1.798672
1.797867
1.796255
1.796255
1.79545
1.79545
1.793033
1.793838
1.78981
1.793033
1.787393
1.792227
1.78417
1.790616
1.782559
1.790616
1.782559
1.785782
1.781753
1.782559
1.783365
1.779336
1.78417
1.776114
1.782559
1.775308
1.780948
1.774502
1.777725
1.772891
1.775308
1.771279
1.772891
1.771279
1.769668
1.768862
1.770474
1.767251
1.767251
1.76564
1.764834
1.762417
1.764028
1.764028
1.760806
1.757583
1.760806
1.755972
1.76
1.751943
1.76
1.749526
1.756777
1.749526
1.753555
1.750332
1.747915
1.751137
1.743081
1.749526
1.740664
1.747109
1.739052
1.743886
1.737441
1.742275
1.736635
1.739052
1.734218
1.73583
1.734218
1.733413
1.734218
1.730996
1.729384
1.729384
1.727773
1.726967
1.72455
1.727773
1.722133
1.722133
1.718105
1.721328
1.714076
1.718105
1.711659
1.717299
1.707631
1.714882
1.706825
1.710854
1.70602
1.705214
1.70602
1.697963
1.704408
1.695546
1.701991
1.692323
1.697963
1.690712
1.692323
1.686683
1.687489
1.679432
1.685072
1.682655
1.681044
1.678627
1.677015
1.674598
1.673793
1.671376
1.67057
1.667347
1.666541
1.661707
1.663319
1.657679
1.660096
1.652845
1.656873
1.646349
1.653651
1.639098
1.647155
1.636681
1.641515
1.633458
1.633458
1.631847
1.626207
1.630236
1.618151
1.624596
1.614122
1.618956
1.609288
1.611705
1.604454
1.60526
1.598814
1.598814
1.59398
1.592369
1.588341
1.585118
1.582701
1.581089
1.574644
1.572227
1.567393
1.564976
1.560142
1.556919
1.552085
1.553696
1.541611
1.543223
1.531137
1.535972
1.519858
1.526303
1.510996
1.512607
1.505356
1.49891
1.494882
1.485214
1.48602
1.4691
1.472323
1.454598
1.45621
1.440851
1.43924
1.424738
1.419098
1.404596
1.398151
1.38526
1.376397
1.360284
1.346587
1.333696
1.315166
1.299052
1.281327
1.263603
1.240238
1.214406
1.18943
1.162037
1.129004
1.091138
1.054882
1.00488
0.9565392
0.882417
0.8509956
0.8751659
0.8936965
0.8518013
0.8727489
0.8381048
0.8808057
0.8356877
0.8695262
0.8421331
0.855024
0.8509956
0.8389105
0.8606638
0.8211352
0.8711375
0.8146898
0.8679149
0.8211352
0.8590524
0.8284367
0.8485785
0.8356877
0.8397161
0.8421331
0.8292423
0.85019
0.8211352
0.857441
0.8106614
0.8654978
0.8050217
0.8711375
0.7985763
0.8654978
0.801799
0.8582467
0.8090501
0.8518013
0.8146898
0.8413275
0.8195239
0.8389105
0.827631
0.830048
0.8348821
0.8187181
0.8453559
0.8106614
0.8534126
0.8001877
0.8566353
0.804216
0.85019
0.8090501
0.8485785
0.8090501
0.8413275
0.8195239
0.8316594
0.830048
0.8203296
0.8413275
0.8009933
0.8542183
0.7913252
0.8606638
0.7969649
0.857441
0.8026047
0.8477729
0.8114671
0.8381048
0.8203296
0.8284367
0.827631
0.8187181
0.8372992
0.8074388
0.8493842
0.7977706
0.8582467
0.7897139
0.8622751
0.7897139
0.852607
0.7969649
0.8421331
0.8034103
0.8324651
0.8114671
0.8235522
0.8235522
0.8138842
0.8332707
0.804216
0.8421331
0.7953536
0.8534126
0.7897139
0.8493842
0.7961593
0.8429388
0.801799
0.8372992
0.8130785
0.8203296
0.825214
0.8034103
0.8445502
0.7856855
0.855024
0.7872968
0.8518013
0.7945479
0.8413275
0.8058273
0.830048
0.8171068
0.8154955
0.830048
0.801799
0.8453559
0.7840741
0.8558296
0.7792401
0.8493842
0.7913252
0.8389105
0.799382
0.8268253
0.8074388
0.8154955
0.8195239
0.804216
0.830048
0.7937422
0.8413275
0.7816571
0.8509956
0.7872968
0.8413275
0.7937422
0.8340764
0.8001877
0.8235522
0.8146898
0.8066331
0.8316594
0.7881025
0.8493842
0.7776287
0.8518013
0.7824628
0.8469672
0.7897139
0.8372992
0.8001877
0.825214
0.8114671
0.8122728
0.8235522
0.7969649
0.8364934
0.7840741
0.8493842
0.7752117
0.8445502
0.7832685
0.8372992
0.7905195
0.830048
0.7985763
0.8195239
0.8082444
0.8082444
0.8179125
0.7977706
0.8316594
0.7856855
0.8453559
0.776823
0.8445502
0.7824628
0.8364934
0.7929366
0.827631
0.7969649
0.8163012
0.8122728
0.8001877
0.8316594
0.7760174
0.8493842
0.7727947
0.8485785
0.7792401
0.8405218
0.7872968
0.8284367
0.804216
0.8098557
0.8187181
0.7961593
0.830048
0.7824628
0.8437445
0.769572
0.8469672
0.7784344
0.8348821
0.7897139
0.8219409
0.801799
0.8114671
0.8106614
0.7977706
0.8227466
0.7864912
0.8372992
0.7727947
0.8429388
0.7784344
0.8316594
0.7872968
0.8268253
0.7953536
0.8179125
0.8098557
0.7961593
0.8292423
0.7711833
0.8485785
0.7711833
0.8445502
0.7816571
0.8324651
0.7961593
0.8171068
0.8122728
0.8026047
0.8284367
0.7832685
0.8429388
0.769572
0.8437445
0.7816571
0.8324651
0.7905195
0.8171068
0.804216
0.804216
0.8187181
0.7913252
0.8332707
0.7784344
0.8437445
0.776823
0.8356877
0.7856855
0.825214
0.7961593
0.8130785
0.8082444
0.7969649
0.8284367
0.7703776
0.85019
0.769572
0.8469672
0.7800457
0.8356877
0.7913252
0.8195239
0.8098557
0.8034103
0.827631
0.7832685
0.8429388
0.7703776
0.8445502
0.7824628
0.8316594
0.7953536
0.8154955
0.8082444
0.8009933
0.8219409
0.7889082
0.8372992
0.7727947
0.8381048
0.7800457
0.8308537
0.7905195
0.8211352
0.8026047
0.801799
0.8219409
0.7760174
0.8485785
0.771989
0.8461616
0.7832685
0.8332707
0.7985763
0.8122728
0.8154955
0.7945479
0.8332707
0.7736003
0.85019
0.7752117
0.8356877
0.7905195
0.8203296
0.801799
0.8066331
0.8179125
0.7929366
0.8324651
0.7760174
0.8429388
0.7776287
0.8332707
0.7905195
0.825214
0.7985763
0.8082444
0.8171068
0.7832685
0.8437445
0.771989
0.8477729
0.7800457
0.8372992
0.7945479
0.8163012
0.8138842
0.7977706
0.8332707
0.7752117
0.8485785
0.776823
0.8356877
0.7921309
0.8187181
0.8074388
0.8009933
0.8235522
0.7832685
0.8437445
0.7760174
0.8356877
0.7872968
0.825214
0.799382
0.8058273
0.825214
0.774406
0.8485785
0.7736003
0.8429388
0.7872968
0.8235522
0.8090501
0.8026047
0.8292423
0.7808514
0.8493842
0.774406
0.8381048
0.7897139
0.8211352
0.8034103
0.8058273
0.8195239
0.7905195
0.8364934
0.7727947
0.8445502
0.7832685
0.8284367
0.7929366
0.8203296
0.8074388
0.7985763
0.830048
0.771989
0.85019
0.774406
0.8453559
0.7864912
0.8284367
0.8058273
0.8082444
0.8227466
0.7864912
0.8437445
0.771989
0.8437445
0.7848798
0.8284367
0.7969649
0.8138842
0.8130785
0.799382
0.8292423
0.7824628
0.8469672
0.7760174
0.8348821
0.7921309
0.825214
0.8009933
0.8050217
0.8219409
0.776823
0.85019
0.7727947
0.8453559
0.7864912
0.8284367
0.804216
0.8074388
0.8227466
0.7872968
0.8421331
0.771989
0.8437445
0.7840741
0.827631
0.801799
0.8130785
0.8146898
0.7953536
0.830048
0.7816571
0.8469672
0.7784344
0.8340764
0.7929366
0.825214
0.8009933
0.8074388
0.8203296
0.7840741
0.8453559
0.7736003
0.8469672
0.7824628
0.8356877
0.7969649
0.8171068
0.8146898
0.7985763
0.8324651
0.7808514
0.8493842
0.771989
0.8421331
0.7848798
0.8292423
0.7977706
0.8146898
0.8114671
0.8026047
0.825214
0.7889082
0.8413275
0.774406
0.8437445
0.7832685
0.8324651
0.7929366
0.8235522
0.801799
0.8090501
0.8171068
0.7913252
0.8405218
0.7727947
0.8509956
0.776823
0.8421331
0.7872968
0.8348821
0.801799
0.8163012
0.8171068
0.8001877
0.8316594
0.7840741
0.85019
0.7711833
0.8453559
0.7840741
0.8332707
0.7969649
0.8195239
0.8082444
0.8066331
0.825214
0.7937422
0.8340764
0.7800457
0.8477729
0.7808514
0.8389105
0.7897139
0.830048
0.7977706
0.8154955
0.8163012
0.7945479
0.8389105
0.774406
0.85019
0.7792401
0.8469672
0.7905195
0.8284367
0.8082444
0.8146898
0.8203296
0.7961593
0.8372992
0.7784344
0.852607
0.7760174
0.8421331
0.7881025
0.827631
0.8001877
0.8154955
0.8122728
0.804216
0.8211352
0.7937422
0.8372992
0.7808514
0.8477729
0.7792401
0.8397161
0.7905195
0.8292423
0.7969649
0.8219409
0.8138842
0.801799
0.8284367
0.7840741
0.8485785
0.7752117
0.8509956
0.7824628
0.8453559
0.7905195
0.8332707
0.8034103
0.8219409
0.8138842
0.804216
0.8292423
0.7913252
0.8405218
0.7784344
0.8518013
0.7776287
0.8461616
0.7856855
0.8356877
0.7945479
0.825214
0.8082444
0.8154955
0.8146898
0.8050217
0.825214
0.7953536
0.8356877
0.7864912
0.8493842
0.7800457
0.8413275
0.7872968
0.8389105
0.7953536
0.8308537
0.8001877
0.8219409
0.8146898
0.8066331
0.8284367
0.7889082
0.8437445
0.774406
0.852607
0.7800457
0.8477729
0.7864912
0.8389105
0.7977706
0.827631
0.8098557
0.8146898
0.8227466
0.8034103
0.8340764
0.7864912
0.8461616
0.7776287
0.8518013
0.7808514
0.8437445
0.7913252
0.8324651
0.799382
0.8219409
0.8106614
0.8090501
0.8219409
0.7985763
0.8348821
0.7864912
0.85019
0.7808514
0.8421331
0.7897139
0.8356877
0.7985763
0.8260197
0.8114671
0.8082444
0.8292423
0.7856855
0.8509956
0.7792401
0.8509956
0.7872968
0.8397161
0.8009933
0.8227466
0.8163012
0.8074388
0.8324651
0.7913252
0.8469672
0.7776287
0.8509956
0.7832685
0.8413275
0.7937422
0.8284367
0.8034103
0.8195239
0.8171068
0.804216
0.827631
0.7953536
0.8405218
0.7848798
0.8493842
0.7840741
0.8429388
0.7913252
0.8364934
0.7985763
0.827631
0.8114671
0.8122728
0.8243579
0.7969649
0.8421331
0.7776287
0.852607
0.7808514
0.8509956
0.7872968
0.8413275
0.7985763
0.8324651
0.8106614
0.8187181
0.8211352
0.804216
0.8324651
0.7937422
0.8445502
0.7824628
0.8558296
0.7760174
0.8477729
0.7848798
0.8389105
0.7953536
0.8292423
0.8050217
0.8195239
0.8146898
0.8074388
0.825214
0.799382
0.8340764
0.7913252
0.8469672
0.7808514
0.8461616
0.7881025
0.8405218
0.7953536
0.8348821
0.799382
0.8235522
0.8171068
0.8098557
0.827631
0.7937422
0.8437445
0.7776287
0.8542183
0.7840741
0.8509956
0.7913252
0.8413275
0.8001877
0.830048
0.8130785
0.8179125
0.8235522
0.8034103
0.8364934
0.7929366
0.8485785
0.7832685
0.852607
0.7816571
0.8461616
0.7921309
0.8348821
0.801799
0.8235522
0.8114671
0.8122728
0.8227466
0.8009933
0.8364934
0.7905195
0.8509956
0.7824628
0.8461616
0.7913252
0.8381048
0.799382
0.8316594
0.8106614
0.8146898
0.827631
0.7929366
0.8485785
0.7808514
0.855024
0.7864912
0.8461616
0.7985763
0.8340764
0.8106614
0.8171068
0.825214
0.8026047
0.8397161
0.7864912
0.8542183
0.776823
0.8485785
0.7889082
0.8381048
0.8009933
0.8235522
0.8122728
0.8114671
0.8260197
0.799382
0.8413275
0.7840741
0.8518013
0.7897139
0.8413275
0.7969649
0.8348821
0.8098557
0.8146898
0.8292423
0.7921309
0.85019
0.7808514
0.8509956
0.7913252
0.8405218
0.8074388
0.8235522
0.8227466
0.804216
0.8405218
0.7856855
0.8558296
0.7824628
0.8453559
0.7969649
0.830048
0.8098557
0.8138842
0.825214
0.799382
0.8437445
0.7824628
0.8477729
0.7921309
0.8389105
0.8026047
0.8219409
0.8187181
0.8026047
0.8461616
0.7776287
0.8542183
0.7897139
0.8421331
0.804216
0.8268253
0.8203296
0.8090501
0.8356877
0.7945479
0.852607
0.7800457
0.8509956
0.7881025
0.8397161
0.8009933
0.8308537
0.8106614
0.8171068
0.8219409
0.8034103
0.8364934
0.7905195
0.8509956
0.7848798
0.8453559
0.7913252
0.8405218
0.8001877
0.8284367
0.8146898
0.8146898
0.8332707
0.7897139
0.855024
0.7840741
0.8518013
0.7921309
0.8429388
0.8034103
0.830048
0.8187181
0.8122728
0.8316594
0.799382
0.8453559
0.7856855
0.8558296
0.7816571
0.8453559
0.7929366
0.8364934
0.8034103
0.8243579
0.8138842
0.8122728
0.8268253
0.8001877
0.8381048
0.7905195
0.8518013
0.7840741
0.8469672
0.7929366
0.8413275
0.799382
0.8340764
0.8074388
0.8219409
0.8203296
0.8074388
0.8372992
0.7905195
0.8518013
0.7816571
0.8534126
0.7872968
0.8493842
0.7961593
0.8397161
0.8058273
0.827631
0.8171068
0.8138842
0.8292423
0.8026047
0.8397161
0.7905195
0.852607
0.7808514
0.8542183
0.7856855
0.8461616
0.7961593
0.8348821
0.804216
0.8227466
0.8163012
0.8114671
0.8260197
0.8001877
0.8405218
0.7864912
0.852607
0.7881025
0.8445502
0.7945479
0.8381048
0.801799
0.8284367
0.8163012
0.8106614
0.8348821
0.7929366
0.852607
0.7816571
0.8542183
0.7889082
0.8469672
0.7977706
0.8381048
0.8090501
0.8227466
0.8203296
0.8114671
0.8324651
0.799382
0.8453559
0.7889082
0.855024
0.7800457
0.852607
0.7864912
0.8445502
0.7945479
0.8356877
0.801799
0.8284367
0.8122728
0.8163012
0.8227466
0.8066331
0.8316594
0.7977706
0.8445502
0.7864912
0.855024
0.7897139
0.8469672
0.7953536
0.8413275
0.8001877
0.830048
0.8146898
0.8146898
0.827631
0.8001877
0.8461616
0.7808514
0.8558296
0.7881025
0.8518013
0.7945479
0.8413275
0.8074388
0.8284367
0.8195239
0.8154955
0.8316594
0.8050217
0.8397161
0.7905195
0.852607
0.7824628
0.8582467
0.7864912
0.8477729
0.7953536
0.8397161
0.8001877
0.8324651
0.8066331
0.8260197
0.8179125
0.8154955
0.825214
0.804216
0.8332707
0.7969649
0.8429388
0.7881025
0.8542183
0.7848798
0.8485785
0.7913252
0.8437445
0.8001877
0.8421331
0.8026047
0.8324651
0.8130785
0.8187181
0.8227466
0.8034103
0.8405218
0.7897139
0.8558296
0.7824628
0.8558296
0.7889082
0.8493842
0.7977706
0.8413275
0.8066331
0.8292423
0.8171068
0.8187181
0.8260197
0.8082444
0.8381048
0.7961593
0.85019
0.7864912
0.8590524
0.7824628
0.8518013
0.7913252
0.8429388
0.7985763
0.8332707
0.8090501
0.8235522
0.8171068
0.8138842
0.8268253
0.8026047
0.8381048
0.7929366
0.8518013
0.7864912
0.8469672
0.7913252
0.8421331
0.7977706
0.8381048
0.8066331
0.8227466
0.8203296
0.8098557
0.8364934
0.7913252
0.8534126
0.7840741
0.8542183
0.7897139
0.8477729
0.8009933
0.8356877
0.8146898
0.8227466
0.8268253
0.8074388
0.8405218
0.7945479
0.857441
0.7824628
0.852607
0.7889082
0.8421331
0.8009933
0.830048
0.8138842
0.8187181
0.8227466
0.8050217
0.8381048
0.7905195
0.855024
0.7905195
0.8453559
0.7977706
0.8381048
0.8050217
0.825214
0.8219409
0.8058273
0.8445502
0.7832685
0.8558296
0.7881025
0.8493842
0.8001877
0.8364934
0.8130785
0.8219409
0.827631
0.8066331
0.8437445
0.7921309
0.8542183
0.7808514
0.8518013
0.7905195
0.8405218
0.8034103
0.8316594
0.8130785
0.8154955
0.825214
0.8050217
0.8413275
0.7913252
0.855024
0.7905195
0.8485785
0.7969649
0.8405218
0.8082444
0.8227466
0.8243579
0.801799
0.8485785
0.7856855
0.8566353
0.7921309
0.8469672
0.8058273
0.8284367
0.8203296
0.8122728
0.8364934
0.7953536
0.8518013
0.7840741
0.855024
0.7905195
0.8429388
0.799382
0.8308537
0.8146898
0.8179125
0.8268253
0.801799
0.8397161
0.7905195
0.855024
0.7913252
0.8453559
0.7977706
0.8381048
0.8082444
0.8235522
0.8235522
0.8058273
0.8445502
0.7832685
0.8566353
0.7897139
0.8509956
0.7961593
0.8397161
0.8106614
0.8268253
0.8219409
0.8130785
0.8381048
0.7985763
0.8493842
0.7864912
0.8566353
0.7856855
0.85019
0.7953536
0.8381048
0.8050217
0.8260197
0.8154955
0.8138842
0.8292423
0.801799
0.8437445
0.7897139
0.852607
0.7905195
0.8461616
0.799382
0.8389105
0.8122728
0.8203296
0.8284367
0.799382
0.85019
0.7856855
0.855024
0.7953536
0.8453559
0.8066331
0.827631
0.8227466
0.8098557
0.8397161
0.7969649
0.8542183
0.7808514
0.8518013
0.7937422
0.8397161
0.804216
0.825214
0.8171068
0.8130785
0.8292423
0.799382
0.8469672
0.7840741
0.85019
0.7953536
0.8429388
0.804216
0.8284367
0.8219409
0.8090501
0.8421331
0.7856855
0.857441
0.7881025
0.8509956
0.799382
0.8364934
0.8122728
0.8211352
0.827631
0.8058273
0.8421331
0.7905195
0.855024
0.7832685
0.85019
0.7945479
0.8413275
0.8026047
0.827631
0.8146898
0.8138842
0.830048
0.801799
0.8429388
0.7889082
0.855024
0.7913252
0.8437445
0.799382
0.8372992
0.8114671
0.8227466
0.827631
0.8001877
0.8485785
0.7832685
0.857441
0.7897139
0.8485785
0.8001877
0.8348821
0.8138842
0.8203296
0.8292423
0.8050217
0.8429388
0.7921309
0.855024
0.7816571
0.855024
0.7881025
0.8461616
0.7985763
0.8332707
0.8090501
0.8235522
0.8195239
0.8138842
0.830048
0.8050217
0.8397161
0.7929366
0.8534126
0.7889082
0.8493842
0.7929366
0.8429388
0.801799
0.8372992
0.8114671
0.8219409
0.827631
0.8058273
0.8421331
0.7872968
0.8582467
0.7864912
0.852607
0.7977706
0.8437445
0.8066331
0.830048
0.8219409
0.8146898
0.8316594
0.8034103
0.8477729
0.7905195
0.8590524
0.7832685
0.8534126
0.7897139
0.8437445
0.8009933
0.8308537
0.8122728
0.8154955
0.825214
0.8074388
0.8372992
0.7937422
0.8509956
0.7889082
0.8485785
0.7961593
0.8405218
0.8034103
0.8292423
0.8195239
0.8114671
0.8389105
0.7889082
0.8558296
0.7881025
0.8518013
0.7977706
0.8413275
0.8122728
0.825214
0.827631
0.8098557
0.8389105
0.7945479
0.8542183
0.7840741
0.8534126
0.7905195
0.8437445
0.804216
0.827631
0.8154955
0.8146898
0.8308537
0.8026047
0.8453559
0.7864912
0.8518013
0.7945479
0.8437445
0.8026047
0.8292423
0.8195239
0.8090501
0.8429388
0.7848798
0.8590524
0.7913252
0.8477729
0.8066331
0.8324651
0.8227466
0.8138842
0.8372992
0.7961593
0.8534126
0.7832685
0.8542183
0.7921309
0.8437445
0.804216
0.8292423
0.8163012
0.8154955
0.8284367
0.804216
0.8421331
0.7889082
0.8534126
0.7945479
0.8461616
0.8009933
0.8364934
0.8138842
0.8195239
0.8308537
0.7969649
0.8518013
0.7864912
0.8566353
0.7945479
0.8429388
0.8074388
0.830048
0.8235522
0.8138842
0.8364934
0.7977706
0.852607
0.7864912
0.857441
0.7897139
0.8469672
0.8001877
0.8356877
0.8138842
0.8203296
0.8268253
0.8058273
0.8413275
0.7929366
0.855024
0.7913252
0.8469672
0.799382
0.8429388
0.8098557
0.825214
0.8235522
0.8066331
0.8453559
0.7848798
0.857441
0.7897139
0.8509956
0.799382
0.8413275
0.8122728
0.8268253
0.825214
0.8130785
0.8397161
0.8001877
0.8542183
0.7905195
0.8606638
0.7872968
0.8509956
0.7961593
0.8397161
0.8066331
0.8292423
0.8163012
0.8179125
0.827631
0.8066331
0.8429388
0.7921309
0.8558296
0.7913252
0.8493842
0.7985763
0.8405218
0.8082444
0.8260197
0.8235522
0.8074388
0.8461616
0.7864912
0.8590524
0.7929366
0.8493842
0.804216
0.8356877
0.8187181
0.8203296
0.8324651
0.804216
0.8469672
0.7897139
0.8614695
0.7840741
0.8509956
0.7969649
0.8397161
0.8090501
0.8268253
0.8187181
0.8122728
0.8324651
0.799382
0.8453559
0.7856855
0.8509956
0.7961593
0.8461616
0.8026047
0.8381048
0.8163012
0.8195239
0.8324651
0.8001877
0.8534126
0.7872968
0.855024
0.7969649
0.8445502
0.8074388
0.8316594
0.8227466
0.8179125
0.8356877
0.8026047
0.85019
0.7905195
0.8606638
0.7864912
0.8477729
0.8009933
0.8372992
0.8114671
0.825214
0.8235522
0.8082444
0.8381048
0.7945479
0.857441
0.7937422
0.8477729
0.8001877
0.8381048
0.8146898
0.8203296
0.8332707
0.7977706
0.8558296
0.7881025
0.8534126
0.8001877
0.8381048
0.8146898
0.8235522
0.8308537
0.8074388
0.8437445
0.7937422
0.8598581
0.7856855
0.8485785
0.7961593
0.8381048
0.8106614
0.8227466
0.8235522
0.8098557
0.8372992
0.7977706
0.8558296
0.7905195
0.8485785
0.799382
0.8397161
0.8098557
0.8243579
0.830048
0.8001877
0.8534126
0.7872968
0.8566353
0.799382
0.8429388
0.8130785
0.827631
0.825214
0.8130785
0.8413275
0.7953536
0.8582467
0.7840741
0.8542183
0.7945479
0.8421331
0.8058273
0.8292423
0.8187181
0.8146898
0.8324651
0.801799
0.8493842
0.7872968
0.8509956
0.7977706
0.8445502
0.804216
0.8324651
0.8187181
0.8138842
0.8405218
0.7905195
0.8582467
0.7905195
0.8518013
0.801799
0.8389105
0.8138842
0.825214
0.8292423
0.8098557
0.8429388
0.7937422
0.855024
0.7864912
0.8566353
0.7889082
0.8477729
0.8001877
0.8364934
0.8106614
0.8235522
0.8211352
0.8114671
0.8332707
0.8001877
0.8477729
0.7889082
0.852607
0.7937422
0.8485785
0.8009933
0.8389105
0.8106614
0.8268253
0.8260197
0.8082444
0.8461616
0.7897139
0.8582467
0.7913252
0.8534126
0.8001877
0.8397161
0.8122728
0.830048
0.8235522
0.8171068
0.8356877
0.804216
0.8469672
0.7929366
0.8558296
0.7848798
0.857441
0.7905195
0.8485785
0.7985763
0.8397161
0.8074388
0.8308537
0.8154955
0.8203296
0.8235522
0.8154955
0.8340764
0.8026047
0.8429388
0.7921309
0.8590524
0.7881025
0.8509956
0.7945479
0.8453559
0.8009933
0.8421331
0.8074388
0.8316594
0.8187181
0.8203296
0.8316594
0.8058273
0.8437445
0.7905195
0.8582467
0.7856855
0.8558296
0.7953536
0.8509956
0.8034103
0.8429388
0.8122728
0.8308537
0.8219409
0.8179125
0.8340764
0.8058273
0.8461616
0.7937422
0.857441
0.7848798
0.8558296
0.7937422
0.8469672
0.8009933
0.8348821
0.8138842
0.8219409
0.825214
0.8098557
0.8364934
0.7945479
0.855024
0.7921309
0.8493842
0.799382
0.8421331
0.8090501
0.8284367
0.8268253
0.8058273
0.8485785
0.7840741
0.8582467
0.7945479
0.8453559
0.8058273
0.8316594
0.8211352
0.8154955
0.8372992
0.801799
0.85019
0.7897139
0.857441
0.7872968
0.8477729
0.8009933
0.8332707
0.8122728
0.8211352
0.8227466
0.8090501
0.8381048
0.7969649
0.8518013
0.7929366
0.8509956
0.7969649
0.8421331
0.804216
0.8348821
0.8179125
0.8187181
0.8372992
0.7961593
0.8542183
0.7881025
0.8566353
0.7953536
0.8469672
0.8034103
0.8348821
0.8219409
0.8211352
0.8316594
0.8082444
0.8445502
0.7929366
0.8534126
0.7840741
0.8558296
0.7945479
0.8453559
0.801799
0.8340764
0.8138842
0.8227466
0.8235522
0.8098557
0.8356877
0.7985763
0.85019
0.7864912
0.8509956
0.7969649
0.8453559
0.8026047
0.8372992
0.8171068
0.8203296
0.8324651
0.8009933
0.8509956
0.7872968
0.8558296
0.7945479
0.8477729
0.8074388
0.8356877
0.8195239
0.8219409
0.8332707
0.8058273
0.8445502
0.7929366
0.8598581
0.7832685
0.855024
0.7937422
0.8445502
0.804216
0.830048
0.8179125
0.8195239
0.827631
0.8066331
0.8405218
0.7953536
0.8534126
0.7913252
0.8509956
0.799382
0.8413275
0.804216
0.8324651
0.8187181
0.8163012
0.8356877
0.7969649
0.8534126
0.7889082
0.8558296
0.7937422
0.8469672
0.8066331
0.8340764
0.8179125
0.8227466
0.830048
0.8090501
0.8413275
0.7961593
0.8534126
0.7864912
0.857441
0.7872968
0.8493842
0.7945479
0.8405218
0.8066331
0.8292423
0.8154955
0.8187181
0.8260197
0.8090501
0.8381048
0.7985763
0.8485785
0.7872968
0.852607
0.7953536
0.8477729
0.8009933
0.8405218
0.8106614
0.830048
0.8211352
0.8130785
0.8381048
0.7953536
0.8542183
0.7881025
0.8566353
0.7929366
0.85019
0.801799
0.8397161
0.8146898
0.830048
0.8219409
0.8187181
0.8324651
0.8074388
0.8421331
0.7961593
0.8509956
0.7897139
0.8614695
0.7840741
0.8558296
0.7889082
0.8493842
0.7977706
0.8429388
0.8026047
0.8364934
0.8082444
0.827631
0.8154955
0.8203296
0.8235522
0.8098557
0.8324651
0.804216
0.8405218
0.7985763
0.8445502
0.7921309
0.8534126
0.7856855
0.8509956
0.7937422
0.8493842
0.7953536
0.8445502
0.8001877
0.8453559
0.8034103
0.8381048
0.8058273
0.8332707
0.8146898
0.8268253
0.8195239
0.8179125
0.8284367
0.8090501
0.8364934
0.799382
0.8477729
0.7897139
0.8558296
0.7872968
0.8542183
0.7889082
0.855024
0.7921309
0.852607
0.7945479
0.8493842
0.8001877
0.8453559
0.804216
0.8405218
0.8082444
0.8348821
0.8146898
0.827631
0.8195239
0.8235522
0.8235522
0.8187181
0.830048
0.8146898
0.8316594
0.8114671
0.8340764
0.8074388
0.8372992
0.8058273
0.8413275
0.801799
0.8437445
0.7985763
0.8469672
0.7977706
0.8485785
0.7937422
0.8518013
0.7937422
0.8509956
0.7929366
0.8534126
0.7897139
0.8542183
0.7905195
0.8558296
0.7897139
0.8566353
0.7897139
0.857441
0.7889082
0.8590524
0.7872968
0.8598581
0.7832685
0.8598581
0.7864912
0.8598581
0.7832685
0.8606638
0.7816571
0.8566353
0.7889082
0.8558296
0.7881025
0.852607
0.7897139
0.852607
0.7921309
0.8493842
0.7953536
0.8461616
0.7953536
0.8421331
0.8009933
0.8413275
0.8026047
0.8397161
0.8066331
0.8364934
0.8082444
0.8348821
0.8090501
0.830048
0.8114671
0.827631
0.8163012
0.8235522
0.8195239
0.8203296
0.8227466
0.8154955
0.8260197
0.8122728
0.8292423
0.8082444
0.8348821
0.8050217
0.8389105
0.8001877
0.8429388
0.7937422
0.8485785
0.7905195
0.8558296
0.7881025
0.855024
0.7913252
0.852607
0.7937422
0.8477729
0.7977706
0.8461616
0.8009933
0.8429388
0.8034103
0.8397161
0.8066331
0.8364934
0.8130785
0.830048
0.8187181
0.8243579
0.825214
0.8146898
0.8324651
0.8066331
0.8397161
0.8001877
0.8453559
0.7945479
0.8493842
0.7881025
0.8558296
0.7872968
0.8558296
0.7864912
0.8582467
0.7881025
0.8582467
0.7889082
0.857441
0.7897139
0.857441
0.7905195
0.8566353
0.7897139
0.8558296
0.7921309
0.8558296
0.7905195
0.8558296
0.7913252
0.8558296
0.7897139
0.8566353
0.7889082
0.857441
0.7897139
0.857441
0.7889082
0.8566353
0.7872968
0.8566353
0.7872968
0.857441
0.7889082
0.857441
0.7864912
0.8582467
0.7856855
0.857441
0.7848798
0.8566353
0.7848798
0.8558296
0.7864912
0.8542183
0.7897139
0.8493842
0.7929366
0.8469672
0.7969649
0.8429388
0.7985763
0.8389105
0.804216
0.8364934
0.8082444
0.8324651
0.8114671
0.827631
0.8171068
0.825214
0.8195239
0.8211352
0.8227466
0.8187181
0.8260197
0.8130785
0.8332707
0.8074388
0.8381048
0.8058273
0.8405218
0.8026047
0.8397161
0.7985763
0.8445502
0.7961593
0.8485785
0.7937422
0.85019
0.7913252
0.852607
0.7913252
0.8542183
0.7872968
0.8493842
0.7945479
0.8453559
0.7977706
0.8405218
0.8026047
0.8348821
0.8074388
0.8308537
0.8090501
0.8268253
0.8130785
0.8227466
0.8163012
0.8203296
0.8203296
0.8163012
0.8260197
0.8171068
0.8268253
0.8098557
0.830048
0.8066331
0.8340764
0.8026047
0.8381048
0.8009933
0.8421331
0.7961593
0.8461616
0.7929366
0.8493842
0.7897139
0.852607
0.7840741
0.8558296
0.7840741
0.8598581
0.7864912
0.8590524
0.7889082
0.852607
0.7921309
0.8469672
0.7977706
0.8421331
0.8050217
0.8348821
0.8106614
0.8292423
0.8163012
0.8243579
0.8219409
0.8211352
0.8284367
0.8163012
0.8324651
0.8098557
0.8389105
0.8034103
0.8437445
0.799382
0.85019
0.7929366
0.8542183
0.7897139
0.8566353
0.7872968
0.8558296
0.7848798
0.855024
0.7881025
0.85019
0.7929366
0.8429388
0.7985763
0.8389105
0.8066331
0.8316594
0.8114671
0.8260197
0.8203296
0.8211352
0.8243579
0.8179125
0.830048
0.8098557
0.8356877
0.8058273
0.8381048
0.8009933
0.8413275
0.799382
0.8445502
0.7969649
0.8485785
0.7937422
0.8493842
0.7905195
0.8518013
0.7864912
0.855024
0.7913252
0.8461616
0.7953536
0.8389105
0.801799
0.8324651
0.8074388
0.827631
0.8154955
0.8195239
0.8211352
0.8130785
0.8268253
0.8090501
0.8332707
0.8034103
0.8405218
0.7969649
0.8445502
0.7921309
0.8509956
0.7840741
0.852607
0.7832685
0.857441
0.7897139
0.8493842
0.7953536
0.8405218
0.8074388
0.8348821
0.8122728
0.8243579
0.8219409
0.8179125
0.8284367
0.8114671
0.8389105
0.801799
0.8469672
0.7953536
0.8518013
0.7889082
0.855024
0.7848798
0.8509956
0.7921309
0.8381048
0.8090501
0.8268253
0.8211352
0.8138842
0.8332707
0.8050217
0.8389105
0.799382
0.8453559
0.7945479
0.8485785
0.7905195
0.855024
0.7872968
0.8477729
0.7969649
0.8405218
0.804216
0.8292423
0.8106614
0.8179125
0.8195239
0.8130785
0.8268253
0.8066331
0.8340764
0.8001877
0.8397161
0.7961593
0.8469672
0.7905195
0.85019
0.7848798
0.857441
0.7816571
0.8590524
0.7864912
0.852607
0.7905195
0.8461616
0.7977706
0.8389105
0.8082444
0.8308537
0.8130785
0.8260197
0.8203296
0.8203296
0.8268253
0.8138842
0.8316594
0.8082444
0.8405218
0.801799
0.8453559
0.7961593
0.8518013
0.7881025
0.8542183
0.7856855
0.855024
0.7832685
0.85019
0.7937422
0.8389105
0.8050217
0.8308537
0.8154955
0.8203296
0.8235522
0.8122728
0.8332707
0.8058273
0.8389105
0.799382
0.8437445
0.7937422
0.8477729
0.7921309
0.8534126
0.7840741
0.8485785
0.7945479
0.8397161
0.8009933
0.8316594
0.8058273
0.8235522
0.8130785
0.8163012
0.8211352
0.8114671
0.8292423
0.8034103
0.8364934
0.7977706
0.8429388
0.7889082
0.8534126
0.7816571
0.8590524
0.7848798
0.852607
0.7953536
0.8429388
0.804216
0.8340764
0.8130785
0.8235522
0.8235522
0.8146898
0.8324651
0.8034103
0.8437445
0.7945479
0.85019
0.7864912
0.8558296
0.7848798
0.8445502
0.8034103
0.8260197
0.8203296
0.8130785
0.8348821
0.8009933
0.8413275
0.7953536
0.8469672
0.7832685
0.85019
0.7937422
0.8364934
0.8050217
0.8235522
0.8171068
0.8114671
0.8292423
0.799382
0.8429388
0.7905195
0.8509956
0.7824628
0.852607
0.7929366
0.8389105
0.8074388
0.8260197
0.8219409
0.8122728
0.8364934
0.7985763
0.8477729
0.7897139
0.8542183
0.7832685
0.8477729
0.7969649
0.8284367
0.8154955
0.8146898
0.8292423
0.801799
0.8381048
0.7945479
0.8477729
0.7864912
0.8509956
0.7897139
0.8372992
0.8009933
0.8243579
0.8138842
0.8130785
0.8235522
0.801799
0.8364934
0.7937422
0.8485785
0.7832685
0.857441
0.7848798
0.8469672
0.7985763
0.8308537
0.8122728
0.8179125
0.8284367
0.8058273
0.8437445
0.7929366
0.8518013
0.7840741
0.8542183
0.7945479
0.830048
0.8171068
0.8122728
0.8348821
0.799382
0.8405218
0.7921309
0.8493842
0.7832685
0.8461616
0.7977706
0.830048
0.8090501
0.8203296
0.8235522
0.8066331
0.8348821
0.7953536
0.8461616
0.7848798
0.8558296
0.7840741
0.8485785
0.7969649
0.8364934
0.8098557
0.8227466
0.8235522
0.8098557
0.8364934
0.7985763
0.8518013
0.7856855
0.8542183
0.7824628
0.8445502
0.799382
0.8243579
0.8187181
0.8106614
0.8340764
0.7969649
0.8421331
0.7905195
0.8477729
0.7816571
0.8485785
0.7937422
0.8324651
0.804216
0.8211352
0.8179125
0.8082444
0.8292423
0.7969649
0.8413275
0.7864912
0.8534126
0.7816571
0.8542183
0.7897139
0.8397161
0.8058273
0.827631
0.8195239
0.8154955
0.830048
0.8034103
0.8421331
0.7921309
0.8518013
0.7856855
0.8534126
0.7816571
0.8445502
0.7985763
0.8292423
0.8154955
0.8146898
0.830048
0.801799
0.8381048
0.7969649
0.8445502
0.7905195
0.8485785
0.7832685
0.8453559
0.7937422
0.8340764
0.8026047
0.8260197
0.8138842
0.8146898
0.8227466
0.8050217
0.8316594
0.7969649
0.8413275
0.7889082
0.8477729
0.7808514
0.857441
0.7872968
0.8461616
0.7961593
0.8340764
0.8090501
0.825214
0.8211352
0.8122728
0.8332707
0.8001877
0.8453559
0.7905195
0.852607
0.7840741
0.855024
0.7864912
0.8389105
0.8050217
0.8227466
0.8203296
0.8090501
0.8316594
0.799382
0.8397161
0.7929366
0.8469672
0.7864912
0.852607
0.7864912
0.8421331
0.8001877
0.8292423
0.8082444
0.8179125
0.8171068
0.8074388
0.830048
0.7977706
0.8397161
0.7889082
0.8485785
0.7816571
0.8558296
0.7840741
0.8477729
0.7937422
0.8356877
0.8058273
0.8227466
0.8179125
0.8098557
0.8316594
0.7977706
0.8429388
0.7905195
0.8509956
0.7832685
0.8534126
0.7816571
0.8421331
0.8001877
0.825214
0.8138842
0.8138842
0.827631
0.8009933
0.8364934
0.7953536
0.8429388
0.7897139
0.8485785
0.7816571
0.85019
0.7881025
0.8397161
0.7969649
0.830048
0.8058273
0.8227466
0.8146898
0.8114671
0.8260197
0.8026047
0.8308537
0.7961593
0.8405218
0.7889082
0.8493842
0.7808514
0.8534126
0.7840741
0.8485785
0.7921309
0.8381048
0.8034103
0.830048
0.8146898
0.8195239
0.825214
0.8066331
0.8372992
0.7969649
0.8469672
0.7872968
0.8542183
0.7816571
0.8518013
0.7937422
0.8332707
0.8098557
0.8154955
0.8243579
0.804216
0.8364934
0.7953536
0.8437445
0.7889082
0.8493842
0.7832685
0.8437445
0.7961593
0.8316594
0.8074388
0.8203296
0.8154955
0.8090501
0.8284367
0.7969649
0.8429388
0.7881025
0.8542183
0.7784344
0.852607
0.7897139
0.8389105
0.8009933
0.827631
0.8179125
0.8138842
0.8340764
0.801799
0.8445502
0.7897139
0.8542183
0.7808514
0.8509956
0.7897139
0.8332707
0.8106614
0.8163012
0.8260197
0.804216
0.8348821
0.7953536
0.8437445
0.7889082
0.8518013
0.7848798
0.8453559
0.7961593
0.830048
0.8082444
0.8179125
0.8187181
0.804216
0.8316594
0.7961593
0.8429388
0.7864912
0.852607
0.7808514
0.85019
0.7913252
0.8364934
0.8058273
0.8235522
0.8187181
0.8138842
0.8332707
0.8001877
0.8421331
0.7921309
0.85019
0.7840741
0.8534126
0.7816571
0.8437445
0.7985763
0.8260197
0.8146898
0.8146898
0.8260197
0.801799
0.8340764
0.7977706
0.8389105
0.7937422
0.8445502
0.7905195
0.8461616
0.7824628
0.8518013
0.7848798
0.8437445
0.7921309
0.8372992
0.8001877
0.8292423
0.8026047
0.8235522
0.8066331
0.8187181
0.8098557
0.8146898
0.8179125
0.8106614
0.8203296
0.8074388
0.8235522
0.801799
0.830048
0.801799
0.8332707
0.7961593
0.8381048
0.7953536
0.8421331
0.7889082
0.8461616
0.7864912
0.8469672
0.7824628
0.852607
0.7800457
0.8542183
0.7808514
0.855024
0.7816571
0.8558296
0.7840741
0.8518013
0.7856855
0.8469672
0.7889082
0.8429388
0.7945479
0.8389105
0.7961593
0.8364934
0.8009933
0.8340764
0.804216
0.8284367
0.8058273
0.8292423
0.8074388
0.827631
0.8114671
0.8227466
0.8138842
0.8203296
0.8171068
0.8163012
0.8195239
0.8163012
0.8227466
0.8114671
0.8268253
0.8090501
0.8316594
0.8066331
0.8324651
0.8026047
0.8348821
0.8009933
0.8381048
0.7977706
0.8405218
0.7953536
0.8453559
0.7913252
0.8477729
0.7889082
0.85019
0.7856855
0.852607
0.7848798
0.8542183
0.7824628
0.8534126
0.7800457
0.8534126
0.7808514
0.8469672
0.7872968
0.8389105
0.7961593
0.8316594
0.804216
0.8227466
0.8138842
0.8154955
0.8203296
0.8098557
0.827631
0.8026047
0.8324651
0.7969649
0.8364934
0.7985763
0.8397161
0.7937422
0.8421331
0.7921309
0.8437445
0.7881025
0.8469672
0.7816571
0.8518013
0.7808514
0.85019
0.7864912
0.8405218
0.7929366
0.8356877
0.7977706
0.8292423
0.8026047
0.825214
0.8066331
0.8211352
0.8106614
0.8154955
0.8154955
0.8098557
0.8171068
0.8058273
0.8235522
0.8034103
0.8324651
0.7985763
0.8356877
0.7921309
0.8405218
0.7872968
0.8461616
0.7848798
0.85019
0.7808514
0.855024
0.7800457
0.8509956
0.7848798
0.8437445
0.7913252
0.8356877
0.799382
0.8324651
0.8074388
0.8243579
0.8122728
0.8179125
0.8187181
0.8130785
0.8268253
0.8082444
0.8316594
0.799382
0.8389105
0.7945479
0.8445502
0.7889082
0.8485785
0.7856855
0.8518013
0.7816571
0.852607
0.7792401
0.8509956
0.7800457
0.8461616
0.7905195
0.8381048
0.7969649
0.8292423
0.8066331
0.8219409
0.8114671
0.8163012
0.8211352
0.8106614
0.8268253
0.8026047
0.8324651
0.7977706
0.8364934
0.7969649
0.8397161
0.7937422
0.8437445
0.7881025
0.8437445
0.7832685
0.852607
0.7800457
0.8429388
0.7897139
0.8372992
0.7961593
0.8316594
0.8026047
0.8211352
0.8098557
0.8163012
0.8154955
0.8082444
0.8227466
0.8026047
0.8308537
0.7969649
0.8356877
0.7913252
0.8413275
0.7864912
0.8477729
0.7816571
0.852607
0.776823
0.855024
0.7816571
0.8493842
0.7872968
0.8453559
0.7929366
0.8364934
0.7985763
0.8324651
0.801799
0.8292423
0.8098557
0.8227466
0.8138842
0.8163012
0.8187181
0.8122728
0.8211352
0.8090501
0.8284367
0.804216
0.8356877
0.8001877
0.8397161
0.7921309
0.8429388
0.7905195
0.8469672
0.7864912
0.8493842
0.7824628
0.852607
0.7808514
0.8534126
0.7800457
0.8542183
0.7816571
0.8485785
0.7848798
0.8405218
0.7913252
0.8340764
0.799382
0.827631
0.8058273
0.8203296
0.8130785
0.8154955
0.8187181
0.8130785
0.8227466
0.8058273
0.8284367
0.8026047
0.830048
0.799382
0.8340764
0.7977706
0.8356877
0.7953536
0.8389105
0.7953536
0.8389105
0.7921309
0.8405218
0.7897139
0.8429388
0.7905195
0.8437445
0.7881025
0.8445502
0.7832685
0.8493842
0.7808514
0.8518013
0.7824628
0.8485785
0.7848798
0.8429388
0.7897139
0.8372992
0.7953536
0.8316594
0.8001877
0.825214
0.8026047
0.8203296
0.8106614
0.8138842
0.8154955
0.8114671
0.8203296
0.804216
0.8292423
0.7969649
0.8356877
0.7937422
0.8389105
0.7864912
0.8509956
0.7800457
0.8493842
0.7760174
0.855024
0.7816571
0.8469672
0.7881025
0.8389105
0.7961593
0.8324651
0.8058273
0.825214
0.8090501
0.8203296
0.8163012
0.8138842
0.8211352
0.8074388
0.8292423
0.801799
0.8340764
0.7977706
0.8405218
0.7913252
0.8429388
0.7881025
0.8477729
0.7824628
0.8518013
0.7824628
0.8518013
0.7800457
0.852607
0.776823
0.85019
0.7816571
0.8413275
0.7872968
0.8364934
0.7953536
0.8292423
0.8009933
0.8227466
0.8082444
0.8179125
0.8146898
0.8138842
0.8171068
0.8098557
0.8211352
0.8034103
0.8268253
0.8001877
0.8316594
0.7977706
0.8324651
0.7969649
0.8324651
0.7945479
0.8364934
0.7913252
0.8381048
0.7905195
0.8381048
0.7897139
0.8421331
0.7905195
0.8429388
0.7897139
0.8437445
0.7881025
0.8429388
0.7897139
0.8421331
0.7889082
0.8437445
0.7864912
0.8453559
0.7889082
0.8429388
0.7897139
0.8429388
0.7905195
0.8421331
0.7929366
0.8421331
0.7921309
0.8421331
0.7929366
0.8405218
0.7921309
0.8389105
0.7945479
0.8389105
0.7929366
0.8397161
0.7945479
0.8381048
0.7953536
0.8364934
0.7969649
0.8356877
0.7985763
0.8348821
0.7969649
0.8348821
0.7969649
0.8348821
0.7985763
0.8340764
0.8001877
0.8316594
0.8009933
0.8316594
0.8034103
0.8316594
0.8026047
0.8284367
0.804216
0.8284367
0.804216
0.8292423
0.8058273
0.827631
0.8066331
0.8235522
0.8074388
0.8227466
0.8090501
0.827631
0.8066331
0.8243579
0.8066331
0.8260197
0.8050217
0.8268253
0.8074388
0.8260197
0.8066331
0.8260197
0.8066331
0.8268253
0.8058273
0.827631
0.8066331
0.8260197
0.8082444
0.8235522
0.8074388
0.8219409
0.8090501
0.8211352
0.8098557
0.8195239
0.8122728
0.8187181
0.8130785
0.8179125
0.8154955
0.8154955
0.8154955
0.8130785
0.8187181
0.8114671
0.8195239
0.8098557
0.8219409
0.8074388
0.8243579
0.8034103
0.827631
0.8009933
0.8292423
0.7977706
0.8340764
0.7977706
0.8348821
0.7937422
0.8405218
0.7889082
0.8437445
